// MilkShape 3D ASCII

Frames: 30
Frame: 1

Meshes: 3
"scroller01" 0 2
16
0 24.404552 -15.336315 4.806902 0.786629 0.328305 -1
0 24.404552 15.340318 4.806903 0.786629 -0.040169 -1
0 15.340317 24.404552 4.806902 0.682260 -0.149045 -1
0 -15.336313 24.404552 4.806902 0.329039 -0.149045 -1
0 -24.400555 15.340318 4.806903 0.224670 -0.040169 -1
0 -24.400555 -15.336315 4.806902 0.224670 0.328305 -1
0 -15.336315 -24.400555 4.806902 0.329039 0.437180 -1
0 15.340317 -24.400555 4.806902 0.682260 0.437180 -1
0 24.404552 15.340318 -4.803503 0.786629 -0.040169 -1
0 24.404552 -15.336315 -4.803503 0.786629 0.328305 -1
0 15.340317 24.404552 -4.803503 0.682260 -0.149045 -1
0 -15.336313 24.404552 -4.803503 0.329039 -0.149045 -1
0 -24.400555 15.340318 -4.803503 0.224670 -0.040169 -1
0 -24.400555 -15.336315 -4.803503 0.224670 0.328305 -1
0 -15.336315 -24.400555 -4.803503 0.329039 0.437180 -1
0 15.340317 -24.400555 -4.803503 0.682260 0.437180 -1
14
-0.000000 -0.000000 1.000000
-0.000000 -0.000000 1.000000
-0.000000 -0.000000 1.000000
0.000000 0.000000 1.000000
0.000000 0.000000 1.000000
0.000000 -0.000000 1.000000
0.000000 0.000000 1.000000
-0.000000 -0.000000 -1.000000
-0.000000 -0.000000 -1.000000
-0.000000 -0.000000 -1.000000
0.000000 0.000000 -1.000000
0.000000 0.000000 -1.000000
0.000000 -0.000000 -1.000000
0.000000 0.000000 -1.000000
12
0 0 1 2 0 1 2 1
0 0 2 3 0 2 3 1
0 0 3 4 0 3 4 1
0 0 4 5 0 4 5 1
0 0 5 6 0 5 6 1
0 0 6 7 0 6 6 1
0 8 9 10 7 8 9 1
0 10 9 11 9 8 10 1
0 11 9 12 10 8 11 1
0 12 9 13 11 8 12 1
0 13 9 14 12 8 13 1
0 14 9 15 13 8 13 1
"shell" 0 1
24
0 24.404552 -15.336315 5.129623 0.951899 0.784043 -1
0 24.404552 15.340317 5.129623 0.951899 0.215957 -1
0 15.340317 24.404552 5.129623 0.784043 0.048101 -1
0 -15.336315 24.404552 5.129623 0.215957 0.048101 -1
0 -24.400555 15.340317 5.129623 0.048101 0.215957 -1
0 -24.400555 -15.336315 5.129623 0.048101 0.784043 -1
0 -15.336315 -24.400555 5.129623 0.215957 0.951899 -1
0 15.340317 -24.400555 5.129623 0.784043 0.951899 -1
0 26.001999 -15.997999 0.001000 0.981481 0.796296 -1
0 26.001999 16.001999 0.001000 0.981482 0.203704 -1
0 16.001999 26.001999 0.001000 0.796296 0.018519 -1
0 -15.997999 26.001999 0.001000 0.203704 0.018518 -1
0 -25.998001 16.001999 0.001000 0.018519 0.203704 -1
0 -25.998001 -15.997999 0.001000 0.018518 0.796296 -1
0 -15.997999 -25.998001 0.001000 0.203704 0.981481 -1
0 16.001999 -25.998001 0.001000 0.796296 0.981482 -1
0 24.404552 15.340317 -5.126224 0.951899 0.215957 -1
0 24.404552 -15.336315 -5.126224 0.951899 0.784043 -1
0 15.340317 24.404552 -5.126224 0.784043 0.048101 -1
0 -15.336315 24.404552 -5.126224 0.215957 0.048101 -1
0 -24.400555 15.340317 -5.126224 0.048101 0.215957 -1
0 -24.400555 -15.336315 -5.126224 0.048101 0.784043 -1
0 -15.336315 -24.400555 -5.126224 0.215957 0.951899 -1
0 15.340317 -24.400555 -5.126224 0.784043 0.951899 -1
30
0.000000 0.000000 1.000000
0.954758 0.000000 0.297385
0.675116 0.675116 0.297385
0.000000 0.954758 0.297385
-0.675116 0.675116 0.297385
-0.675116 0.675116 0.297385
-0.675116 0.675116 0.297385
-0.954758 0.000000 0.297385
-0.675116 -0.675116 0.297385
0.000000 -0.954758 0.297385
0.675116 -0.675116 0.297385
0.675116 -0.675116 0.297385
0.675116 -0.675116 0.297384
0.000000 0.000000 -1.000000
0.954735 0.000000 -0.297459
0.954735 0.000000 -0.297459
0.675099 0.675099 -0.297459
0.000000 0.954735 -0.297459
0.000000 0.954735 -0.297459
-0.675099 0.675099 -0.297459
-0.675099 0.675099 -0.297459
-0.675099 0.675099 -0.297459
-0.954735 0.000000 -0.297459
-0.954735 0.000000 -0.297459
-0.675099 -0.675099 -0.297459
0.000000 -0.954735 -0.297459
0.000000 -0.954735 -0.297459
0.675099 -0.675099 -0.297459
0.675099 -0.675099 -0.297459
0.675100 -0.675099 -0.297458
44
0 0 1 2 0 0 0 1
0 0 2 3 0 0 0 1
0 0 3 4 0 0 0 1
0 0 4 5 0 0 0 1
0 0 5 6 0 0 0 1
0 0 6 7 0 0 0 1
0 8 9 1 1 1 1 2
0 1 0 8 1 1 1 2
0 9 10 2 2 2 2 3
0 2 1 9 2 2 2 3
0 10 11 3 3 3 3 2
0 3 2 10 3 3 3 2
0 11 12 4 4 5 4 3
0 4 3 11 4 6 4 3
0 12 13 5 7 7 7 2
0 5 4 12 7 7 7 2
0 13 14 6 8 8 8 3
0 6 5 13 8 8 8 3
0 14 15 7 9 9 9 2
0 7 6 14 9 9 9 2
0 15 8 0 10 11 10 3
0 0 7 15 10 12 10 3
0 16 17 18 13 13 13 1
0 18 17 19 13 13 13 1
0 19 17 20 13 13 13 1
0 20 17 21 13 13 13 1
0 21 17 22 13 13 13 1
0 22 17 23 13 13 13 1
0 9 8 16 14 14 14 4
0 17 16 8 15 14 14 4
0 10 9 18 16 16 16 5
0 16 18 9 16 16 16 5
0 11 10 19 17 17 17 4
0 18 19 10 18 17 17 4
0 12 11 20 19 20 20 5
0 19 20 11 21 20 20 5
0 13 12 21 22 22 22 4
0 20 21 12 23 22 22 4
0 14 13 22 24 24 24 5
0 21 22 13 24 24 24 5
0 15 14 23 25 25 25 4
0 22 23 14 26 25 25 4
0 8 15 17 27 28 28 5
0 23 17 15 29 28 28 5
"feet" 0 0
8
0 -20.999001 21.000999 5.251000 0.000000 0.000000 -1
0 -20.999001 -20.999001 5.251000 0.000000 1.000000 -1
0 21.000999 21.000999 5.251000 1.000000 0.000000 -1
0 21.000999 -20.999001 5.251000 1.000000 1.000000 -1
0 -20.999001 -20.999001 -5.249000 0.000000 1.000000 -1
0 -20.999001 21.000999 -5.249000 0.000000 0.000000 -1
0 21.000999 21.000999 -5.249000 1.000000 0.000000 -1
0 21.000999 -20.999001 -5.249000 1.000000 1.000000 -1
2
0.000000 0.000000 1.000000
0.000000 0.000000 -1.000000
4
0 0 1 2 0 0 0 1
0 3 2 1 0 0 0 1
0 4 5 6 1 1 1 1
0 6 7 4 1 1 1 1

Materials: 3
"feet"
0.584314 0.584314 0.584314 1.000000
0.584314 0.584314 0.584314 1.000000
0.894118 0.894118 0.894118 1.000000
0.000000 0.000000 0.000000 1.000000
12.800000
1.000000
"textures/feet.png"
""
"shell"
0.584314 0.584314 0.584314 1.000000
0.584314 0.584314 0.584314 1.000000
0.894118 0.894118 0.894118 1.000000
0.000000 0.000000 0.000000 1.000000
12.800000
1.000000
"textures/center_shell(no mipmaps).PNG"
""
"scroller"
0.584314 0.584314 0.584314 1.000000
0.584314 0.584314 0.584314 1.000000
0.894118 0.894118 0.894118 1.000000
0.000000 0.000000 0.000000 1.000000
12.800000
1.000000
"textures/yellow_scroller.ini"
""

Bones: 0
GroupComments: 0
MaterialComments: 0
BoneComments: 0
ModelComment: 0
