// MilkShape 3D ASCII

Frames: 30
Frame: 1

Meshes: 2
"scroller" 0 1
32
0 -22.501755 23.860376 4.829121 0.522291 0.130480 -1
0 -23.799919 22.562212 4.829121 0.494385 0.130479 -1
0 24.798222 -7.439155 4.829121 0.694318 0.926271 -1
0 24.798222 -12.744399 4.829121 0.637299 0.979980 -1
0 21.505905 -12.743271 4.829121 0.601922 0.946634 -1
0 12.803917 -24.743443 4.829120 0.379410 0.980014 -1
0 12.803917 -21.445263 4.829121 0.414858 0.946624 -1
0 7.498261 -24.743443 4.829120 0.322380 0.926294 -1
0 -18.494267 -16.743439 4.829122 0.128969 0.582126 -1
0 -10.494263 -8.743438 4.829120 0.300942 0.582135 -1
0 -23.799919 -16.743443 4.829122 0.071939 0.528406 -1
0 -8.501738 -8.743439 4.829120 0.322360 0.602310 -1
0 8.798227 8.560845 4.829122 0.694298 0.602287 -1
0 8.798225 10.553369 4.829122 0.715713 0.582114 -1
0 16.798225 18.553368 4.829121 0.887687 0.582124 -1
0 16.798222 23.859062 4.829123 0.944711 0.528410 -1
0 -23.799919 22.562212 -4.825721 0.494385 0.130479 -1
0 -22.501755 23.860376 -4.825721 0.522291 0.130480 -1
0 24.798222 -7.439155 -4.825721 0.694318 0.926271 -1
0 24.798222 -12.744399 -4.825721 0.637299 0.979980 -1
0 21.505905 -12.743271 -4.825721 0.601922 0.946634 -1
0 12.803917 -21.445263 -4.825721 0.414858 0.946624 -1
0 12.803917 -24.743443 -4.825721 0.379410 0.980014 -1
0 7.498261 -24.743443 -4.825721 0.322380 0.926294 -1
0 -10.494263 -8.743438 -4.825721 0.300942 0.582135 -1
0 -18.494267 -16.743439 -4.825722 0.128969 0.582126 -1
0 -23.799919 -16.743443 -4.825722 0.071939 0.528406 -1
0 -8.501738 -8.743439 -4.825721 0.322360 0.602310 -1
0 8.798227 8.560845 -4.825722 0.694298 0.602287 -1
0 16.798225 18.553368 -4.825721 0.887687 0.582124 -1
0 8.798225 10.553369 -4.825722 0.715713 0.582114 -1
0 16.798222 23.859062 -4.825723 0.944711 0.528410 -1
32
-0.000000 -0.000000 1.000000
0.000000 -0.000000 1.000000
-0.000000 -0.000000 1.000000
0.000000 0.000000 1.000000
-0.000000 0.000000 1.000000
0.000000 -0.000000 1.000000
-0.000000 0.000000 1.000000
-0.000000 0.000000 1.000000
-0.000000 0.000000 1.000000
0.000000 0.000000 1.000000
0.000000 0.000000 1.000000
-0.000000 -0.000000 1.000000
-0.000000 -0.000000 1.000000
0.000000 -0.000000 1.000000
0.000000 -0.000000 1.000000
0.000000 -0.000000 1.000000
0.000000 -0.000000 -1.000000
-0.000000 -0.000000 -1.000000
-0.000000 -0.000000 -1.000000
0.000000 0.000000 -1.000000
-0.000000 0.000000 -1.000000
-0.000000 0.000000 -1.000000
0.000000 -0.000000 -1.000000
-0.000000 0.000000 -1.000000
0.000000 0.000000 -1.000000
-0.000000 0.000000 -1.000000
0.000000 0.000000 -1.000000
-0.000000 -0.000000 -1.000000
-0.000000 -0.000000 -1.000000
0.000000 -0.000000 -1.000000
0.000000 -0.000000 -1.000000
0.000000 -0.000000 -1.000000
28
0 0 1 2 0 1 2 1
0 3 2 4 3 2 4 1
0 5 6 7 5 6 7 1
0 8 9 10 8 9 10 1
0 2 1 4 2 1 4 1
0 6 4 7 6 4 7 1
0 10 9 1 10 9 1 1
0 4 1 7 4 1 7 1
0 9 11 1 9 11 1 1
0 11 7 1 11 7 1 1
0 0 2 12 0 2 12 1
0 13 14 15 13 14 15 1
0 0 12 13 0 12 13 1
0 13 15 0 13 15 0 1
0 16 17 18 16 17 18 1
0 18 19 20 18 19 20 1
0 21 22 23 21 22 23 1
0 24 25 26 24 25 26 1
0 16 18 20 16 18 20 1
0 20 21 23 20 21 23 1
0 24 26 16 24 26 16 1
0 16 20 23 16 20 23 1
0 27 24 16 27 24 16 1
0 23 27 16 23 27 16 1
0 18 17 28 18 17 28 1
0 29 30 31 29 30 31 1
0 28 17 30 28 17 30 1
0 31 30 17 31 30 17 1
"shell" 0 0
69
0 -22.501755 23.860376 5.107929 0.089270 0.075454 -1
0 -23.799919 22.562212 5.107929 0.066088 0.098635 -1
0 24.798222 -7.439155 5.107929 0.933912 0.624958 -1
0 24.798222 -12.744399 5.107929 0.933912 0.719694 -1
0 21.505905 -12.743271 5.107929 0.875121 0.719674 -1
0 12.803917 -24.743443 5.107928 0.719728 0.933963 -1
0 12.803917 -21.445263 5.107929 0.719728 0.875067 -1
0 7.498261 -24.743443 5.107928 0.622294 0.933963 -1
0 -18.494267 -16.743439 5.107930 0.160832 0.791106 -1
0 -10.494263 -8.743439 5.107928 0.303689 0.648248 -1
0 -23.799919 -16.743443 5.107930 0.066088 0.791106 -1
0 -8.501738 -8.743439 5.107928 0.336580 0.648249 -1
0 8.798227 8.560845 5.107930 0.648198 0.348660 -1
0 8.798225 10.553369 5.107930 0.648198 0.313079 -1
0 16.798225 18.553368 5.107929 0.791055 0.170222 -1
0 16.798222 23.859062 5.107931 0.791055 0.075477 -1
0 -22.998001 25.058477 0.001000 0.080408 0.044643 -1
0 -24.998001 23.058477 0.001000 0.044694 0.080357 -1
0 -23.799919 22.562212 5.107929 0.066088 0.089219 -1
0 -22.501755 23.860376 5.107929 0.089270 0.066037 -1
0 25.996307 -13.942891 0.001000 0.959073 0.746746 -1
0 25.996307 -6.942891 0.001000 0.955306 0.616096 -1
0 24.798222 -12.744399 5.107929 0.937678 0.725344 -1
0 22.001999 -13.941525 0.001000 0.887746 0.746721 -1
0 21.505905 -12.743271 5.107929 0.878887 0.725324 -1
0 14.002001 -25.941525 0.001000 0.744889 0.961007 -1
0 14.002001 -21.941525 0.001000 0.744889 0.889578 -1
0 12.803917 -21.445263 5.107929 0.723494 0.880717 -1
0 12.803917 -24.743443 5.107928 0.723494 0.939613 -1
0 7.002000 -25.941525 0.001000 0.613432 0.955357 -1
0 -17.998001 -17.941521 0.001000 0.169694 0.812500 -1
0 -9.997999 -9.941521 0.001000 0.312551 0.669643 -1
0 -24.998001 -17.941525 0.001000 0.044694 0.812500 -1
0 -8.997999 -9.941521 0.001000 0.327718 0.669643 -1
0 9.996311 9.057109 0.001000 0.669592 0.340053 -1
0 8.798227 8.560845 5.107930 0.648198 0.348915 -1
0 9.996311 10.057109 0.001000 0.669592 0.322196 -1
0 17.996311 18.057106 0.001000 0.812449 0.179339 -1
0 16.798225 18.553368 5.107929 0.791055 0.170477 -1
0 8.798225 10.553369 5.107930 0.648198 0.313334 -1
0 17.996304 25.057106 0.001000 0.812449 0.044667 -1
0 16.798222 23.859062 5.107931 0.791055 0.066061 -1
0 -23.799919 22.562212 -5.104529 0.066088 0.098635 -1
0 -22.501755 23.860376 -5.104529 0.089270 0.075454 -1
0 24.798222 -7.439155 -5.104529 0.933912 0.624958 -1
0 24.798222 -12.744399 -5.104529 0.933912 0.719694 -1
0 21.505905 -12.743271 -5.104529 0.875121 0.719674 -1
0 12.803917 -21.445263 -5.104529 0.719728 0.875067 -1
0 12.803917 -24.743443 -5.104528 0.719728 0.933963 -1
0 7.498261 -24.743443 -5.104528 0.622294 0.933963 -1
0 -10.494263 -8.743439 -5.104528 0.303689 0.648248 -1
0 -18.494267 -16.743439 -5.104530 0.160832 0.791106 -1
0 -23.799919 -16.743443 -5.104530 0.066088 0.791106 -1
0 -8.501738 -8.743439 -5.104528 0.336580 0.648249 -1
0 8.798227 8.560845 -5.104530 0.648198 0.348660 -1
0 16.798225 18.553368 -5.104529 0.791055 0.170222 -1
0 8.798225 10.553369 -5.104530 0.648198 0.313079 -1
0 16.798222 23.859062 -5.104530 0.791055 0.075477 -1
0 -23.799919 22.562212 -5.104529 0.066088 0.089219 -1
0 -22.501755 23.860376 -5.104529 0.089270 0.066037 -1
0 24.798222 -12.744399 -5.104529 0.937678 0.725344 -1
0 21.505905 -12.743271 -5.104529 0.878887 0.725324 -1
0 12.803917 -21.445263 -5.104529 0.723494 0.880717 -1
0 12.803917 -24.743443 -5.104528 0.723494 0.939613 -1
0 8.798227 8.560845 -5.104530 0.648198 0.348915 -1
0 16.798225 18.553368 -5.104529 0.791055 0.170477 -1
0 8.798225 10.553369 -5.104530 0.648198 0.313334 -1
0 17.996305 25.057106 0.001000 0.812449 0.044667 -1
0 16.798222 23.859062 -5.104530 0.791055 0.066061 -1
115
-0.000000 -0.000000 1.000000
0.000000 -0.000000 1.000000
-0.000000 -0.000000 1.000000
0.000000 0.000000 1.000000
-0.000000 0.000000 1.000000
0.000000 -0.000000 1.000000
-0.000000 0.000000 1.000000
-0.000000 0.000000 1.000000
-0.000000 0.000000 1.000000
0.000000 0.000000 1.000000
0.000000 0.000000 1.000000
-0.000000 -0.000000 1.000000
-0.000000 -0.000000 1.000000
0.000000 -0.000000 1.000000
0.000000 -0.000000 1.000000
0.000000 -0.000000 1.000000
-0.688416 0.688416 0.228399
0.973568 0.000000 0.228399
0.973568 0.000000 0.228399
-0.000333 -0.973568 0.228398
-0.000333 -0.973568 0.228398
-0.000334 -0.973568 0.228399
0.973568 -0.000000 0.228399
0.973568 0.000000 0.228399
0.973568 -0.000000 0.228399
0.000000 -0.973568 0.228398
0.000000 -0.973568 0.228398
0.688416 -0.688416 0.228399
0.688416 -0.688416 0.228399
0.688416 -0.688416 0.228399
0.000001 -0.973568 0.228398
0.000001 -0.973568 0.228398
0.000001 -0.973568 0.228398
0.688416 -0.688416 0.228399
0.688416 -0.688416 0.228399
0.688416 -0.688416 0.228399
-0.973568 0.000000 0.228398
-0.973568 0.000000 0.228398
-0.973568 0.000000 0.228398
-0.688416 -0.688416 0.228398
-0.688417 -0.688416 0.228398
-0.688416 -0.688416 0.228398
0.688416 0.688416 0.228399
0.688416 0.688416 0.228399
0.688416 0.688416 0.228399
0.688416 -0.688416 0.228399
0.688416 -0.688416 0.228399
0.688416 -0.688416 0.228399
0.973568 0.000001 0.228399
0.973568 0.000001 0.228398
0.973568 0.000001 0.228399
0.973568 0.000000 0.228399
0.973568 0.000000 0.228399
0.973568 0.000001 0.228399
0.000033 0.973568 0.228399
0.000033 0.973568 0.228399
0.000033 0.973568 0.228399
0.000000 -0.000000 -1.000000
-0.000000 -0.000000 -1.000000
-0.000000 -0.000000 -1.000000
0.000000 0.000000 -1.000000
-0.000000 0.000000 -1.000000
-0.000000 0.000000 -1.000000
0.000000 -0.000000 -1.000000
-0.000000 0.000000 -1.000000
0.000000 0.000000 -1.000000
-0.000000 0.000000 -1.000000
0.000000 0.000000 -1.000000
-0.000000 -0.000000 -1.000000
-0.000000 -0.000000 -1.000000
0.000000 -0.000000 -1.000000
0.000000 -0.000000 -1.000000
0.000000 -0.000000 -1.000000
-0.688406 0.688406 -0.228458
-0.688406 0.688406 -0.228458
0.973554 0.000000 -0.228458
0.973554 0.000000 -0.228458
-0.000333 -0.973554 -0.228458
-0.000333 -0.973554 -0.228458
-0.000334 -0.973554 -0.228458
0.973554 0.000000 -0.228458
0.973554 -0.000000 -0.228458
0.973554 -0.000000 -0.228458
0.000000 -0.973554 -0.228458
0.000000 -0.973554 -0.228458
0.688406 -0.688407 -0.228458
0.688406 -0.688407 -0.228458
0.688406 -0.688407 -0.228458
0.000001 -0.973554 -0.228458
0.000001 -0.973554 -0.228458
0.000001 -0.973554 -0.228457
0.688407 -0.688406 -0.228458
0.688407 -0.688406 -0.228458
0.688407 -0.688406 -0.228458
-0.973554 0.000000 -0.228458
-0.973554 0.000000 -0.228458
-0.973554 0.000000 -0.228458
-0.688407 -0.688406 -0.228458
-0.688407 -0.688406 -0.228458
-0.688407 -0.688406 -0.228458
0.688407 0.688406 -0.228458
0.688407 0.688406 -0.228458
0.688407 0.688406 -0.228458
0.688406 -0.688407 -0.228458
0.688406 -0.688407 -0.228458
0.688406 -0.688407 -0.228458
0.973554 0.000001 -0.228458
0.973554 0.000001 -0.228458
0.973554 0.000001 -0.228458
0.973554 0.000000 -0.228458
0.973554 0.000000 -0.228458
0.973554 0.000001 -0.228458
0.000033 0.973554 -0.228458
0.000033 0.973554 -0.228458
0.000033 0.973554 -0.228458
92
0 0 1 2 0 1 2 1
0 3 2 4 3 2 4 1
0 5 6 7 5 6 7 1
0 8 9 10 8 9 10 1
0 2 1 4 2 1 4 1
0 6 4 7 6 4 7 1
0 10 9 1 10 9 1 1
0 4 1 7 4 1 7 1
0 9 11 1 9 11 1 1
0 11 7 1 11 7 1 1
0 0 2 12 0 2 12 1
0 13 14 15 13 14 15 1
0 0 12 13 0 12 13 1
0 13 15 0 13 15 0 1
0 16 17 18 16 16 16 1
0 18 19 16 16 16 16 1
0 20 21 2 17 18 17 2
0 2 22 20 17 17 17 2
0 23 20 22 19 20 19 1
0 22 24 23 19 21 19 1
0 25 26 27 22 23 22 1
0 27 28 25 22 24 22 1
0 29 25 28 25 26 25 2
0 28 7 29 25 25 25 2
0 30 31 9 27 28 27 2
0 9 8 30 27 29 27 2
0 32 30 8 30 31 30 3
0 8 10 32 30 32 30 3
0 26 23 24 33 34 33 2
0 24 27 26 33 35 33 2
0 17 32 10 36 37 36 2
0 10 18 17 36 38 36 2
0 31 33 11 25 25 25 3
0 11 9 31 25 25 25 3
0 33 29 7 39 40 39 4
0 7 11 33 39 41 39 4
0 21 34 35 42 43 42 3
0 35 2 21 42 44 42 3
0 36 37 38 45 46 45 1
0 38 39 36 45 47 45 1
0 37 40 41 48 49 48 2
0 41 38 37 48 50 48 2
0 34 36 39 51 52 51 2
0 39 35 34 51 53 51 2
0 40 16 19 54 55 54 3
0 19 41 40 54 56 54 3
0 42 43 44 57 58 59 1
0 44 45 46 59 60 61 1
0 47 48 49 62 63 64 1
0 50 51 52 65 66 67 1
0 42 44 46 57 59 61 1
0 46 47 49 61 62 64 1
0 50 52 42 65 67 57 1
0 42 46 49 57 61 64 1
0 53 50 42 68 65 57 1
0 49 53 42 64 68 57 1
0 44 43 54 59 58 69 1
0 55 56 57 70 71 72 1
0 54 43 56 69 58 71 1
0 57 56 43 72 71 58 1
0 17 16 58 73 74 74 4
0 59 58 16 74 74 74 4
0 21 20 44 75 75 75 4
0 60 44 20 76 75 75 4
0 20 23 60 77 78 78 3
0 61 60 23 79 78 78 3
0 26 25 62 80 81 81 3
0 63 62 25 82 81 81 3
0 25 29 63 83 83 83 5
0 49 63 29 84 83 83 5
0 31 30 50 85 86 86 4
0 51 50 30 87 86 86 4
0 30 32 51 88 89 89 5
0 52 51 32 90 89 89 5
0 23 26 61 91 92 92 4
0 62 61 26 93 92 92 4
0 32 17 52 94 95 95 6
0 58 52 17 96 95 95 6
0 33 31 53 84 84 84 5
0 50 53 31 84 84 84 5
0 29 33 49 97 98 98 6
0 53 49 33 99 98 98 6
0 34 21 64 100 101 101 5
0 44 64 21 102 101 101 5
0 37 36 65 103 104 104 3
0 66 65 36 105 104 104 3
0 67 37 68 106 107 107 4
0 65 68 37 108 107 107 4
0 36 34 66 109 110 110 4
0 64 66 34 111 110 110 4
0 16 67 59 112 113 113 2
0 68 59 67 114 113 113 2

Materials: 2
"shell"
0.584314 0.584314 0.584314 1.000000
0.584314 0.584314 0.584314 1.000000
0.894118 0.894118 0.894118 1.000000
0.000000 0.000000 0.000000 1.000000
12.800000
1.000000
"textures/orange_shell(no mipmaps).PNG"
""
"scroller"
0.584314 0.584314 0.584314 1.000000
0.584314 0.584314 0.584314 1.000000
0.894118 0.894118 0.894118 1.000000
0.000000 0.000000 0.000000 1.000000
12.800000
1.000000
"textures/orange_scroller.ini"
""

Bones: 0
GroupComments: 0
MaterialComments: 0
BoneComments: 0
ModelComment: 0
