// MilkShape 3D ASCII

Frames: 30
Frame: 1

Meshes: 2
"scroller" 0 0
20
0 0.001002 23.808376 3.653356 0.972219 0.385709 -1
0 0.001002 2.506413 3.653356 0.972312 0.632912 -1
0 5.587903 23.808378 3.653355 0.972243 0.321949 -1
0 5.587903 8.093306 3.653355 0.972312 0.505392 -1
0 0.001002 -25.834566 3.653351 0.972432 0.952251 -1
0 23.413769 -2.421811 3.653395 0.972432 0.417862 -1
0 24.059582 -1.381673 3.653394 0.972431 0.398622 -1
0 24.246153 -0.323626 3.653395 0.972427 0.384418 -1
0 24.028982 0.908014 3.653397 0.972421 0.372840 -1
0 23.463015 2.002876 3.653399 0.972414 0.366804 -1
0 18.891153 6.586157 3.653357 0.972374 0.366674 -1
0 0.001002 -12.303988 3.653360 0.972374 0.797836 -1
0 -5.585898 23.808380 3.653357 0.972243 0.321949 -1
0 -5.585898 8.093306 3.653357 0.972312 0.505392 -1
0 -23.411764 -2.421811 3.653396 0.972432 0.417862 -1
0 -24.057579 -1.381673 3.653395 0.972431 0.398622 -1
0 -24.244150 -0.323626 3.653396 0.972427 0.384418 -1
0 -24.026979 0.908014 3.653398 0.972421 0.372840 -1
0 -23.461012 2.002876 3.653401 0.972414 0.366804 -1
0 -18.889149 6.586157 3.653359 0.972374 0.366674 -1
18
0.000000 0.000000 1.000000
0.000000 0.000000 1.000000
0.000000 0.000000 1.000000
-0.000000 0.000001 1.000000
-0.000007 0.000006 1.000000
-0.000004 0.000002 1.000000
-0.000001 -0.000001 1.000000
0.000000 -0.000002 1.000000
-0.000003 0.000001 1.000000
-0.000003 0.000001 1.000000
0.000000 -0.000001 1.000000
0.000000 0.000000 1.000000
0.000008 0.000006 1.000000
0.000004 0.000002 1.000000
0.000001 -0.000001 1.000000
-0.000000 -0.000002 1.000000
0.000003 0.000000 1.000000
0.000003 0.000001 1.000000
16
0 0 1 2 0 1 2 1
0 2 1 3 2 1 2 1
0 4 5 6 3 4 5 1
0 4 6 7 3 5 6 1
0 4 7 8 3 6 7 1
0 4 8 9 3 7 8 1
0 4 9 10 3 8 9 1
0 4 10 11 3 9 10 1
0 1 0 12 1 0 11 1
0 1 12 13 1 11 11 1
0 14 4 15 12 3 13 1
0 15 4 16 13 3 14 1
0 16 4 17 14 3 15 1
0 17 4 18 15 3 16 1
0 18 4 19 16 3 17 1
0 19 4 11 17 3 10 1
"shell" 0 0
43
3 5.587901 24.710808 7.539358 0.563449 0.087658 -1
3 0.001002 3.408843 7.539361 0.472858 0.425049 -1
3 5.587903 8.995735 7.539358 0.563449 0.336561 -1
3 18.894997 13.654608 -0.232647 0.779220 0.262772 -1
3 0.001000 -5.239383 -0.232645 0.472858 0.562024 -1
3 0.001000 -8.320470 -0.232643 0.472858 0.610824 -1
3 18.893072 10.571597 -0.232645 0.779189 0.311602 -1
3 26.116858 2.515843 -0.232602 0.896321 0.439193 -1
3 26.132166 -1.271435 -0.232604 0.896570 0.499178 -1
3 0.001000 -28.013229 -0.232645 0.472858 0.922727 -1
3 0.001000 -31.094315 -0.232643 0.472858 0.971527 -1
3 0.001000 -2.753332 -0.232643 0.472858 0.522649 -1
3 9.945214 7.190873 -0.232643 0.634101 0.365147 -1
3 7.766555 8.093304 -0.232643 0.598775 0.350854 -1
3 0.001000 0.327756 -0.232643 0.472858 0.473849 -1
3 9.945214 29.068127 -0.232643 0.634102 0.018645 -1
3 7.766555 26.889465 -0.232643 0.598775 0.053152 -1
3 0.001000 -11.401560 7.539365 0.472858 0.659623 -1
3 18.891153 7.488587 7.539361 0.779158 0.360432 -1
3 24.028986 1.810443 7.539400 0.862467 0.450365 -1
3 26.458412 0.578805 -0.232603 0.901859 0.469873 -1
3 24.246153 0.578804 7.539397 0.865988 0.469873 -1
3 24.059582 -0.479245 7.539396 0.862963 0.486630 -1
3 0.001002 -24.932140 7.539353 0.472858 0.873927 -1
3 28.535711 -2.559606 -0.232604 0.935543 0.519580 -1
3 28.535711 4.013888 -0.232611 0.935543 0.415466 -1
3 -5.585899 24.710808 7.539361 0.382268 0.087658 -1
3 -5.585899 8.995735 7.539361 0.382268 0.336561 -1
3 -18.892998 13.654608 -0.232647 0.166496 0.262772 -1
3 -18.891073 10.571598 -0.232645 0.166527 0.311602 -1
3 -26.114859 2.515843 -0.232602 0.049395 0.439193 -1
3 -26.130167 -1.271435 -0.232604 0.049146 0.499177 -1
3 -9.943213 7.190874 -0.232643 0.311615 0.365147 -1
3 -7.764555 8.093305 -0.232643 0.346941 0.350854 -1
3 -9.943213 29.068129 -0.232643 0.311615 0.018645 -1
3 -7.764555 26.889469 -0.232643 0.346941 0.053151 -1
3 -18.889156 7.488588 7.539361 0.166558 0.360432 -1
3 -24.026985 1.810443 7.539400 0.083249 0.450365 -1
3 -26.456413 0.578805 -0.232603 0.043856 0.469873 -1
3 -24.244150 0.578803 7.539397 0.079728 0.469873 -1
3 -24.057585 -0.479244 7.539397 0.082753 0.486630 -1
3 -28.533712 -2.559606 -0.232604 0.010173 0.519580 -1
3 -28.533712 4.013888 -0.232610 0.010173 0.415466 -1
73
0.000000 0.000000 1.000000
0.000000 0.000000 1.000000
0.000000 0.000000 1.000000
-0.000001 0.000002 1.000000
-0.000000 0.000001 1.000000
-0.000000 0.000001 1.000000
-0.000003 0.000001 1.000000
-0.000000 0.000002 1.000000
-0.000001 -0.000000 1.000000
0.000000 0.000001 1.000000
0.000000 -0.000000 1.000000
0.000000 0.000000 1.000000
-0.680861 0.680862 0.269917
-0.680861 0.680862 0.269917
-0.680861 0.680862 0.269917
0.821483 0.503413 0.267844
0.719662 0.645339 0.256172
0.718649 0.647345 0.253947
0.900462 0.338860 0.272656
0.960262 0.056439 0.273333
0.960262 -0.056444 0.273334
0.895743 -0.349694 0.274514
0.805363 -0.525737 0.273844
0.689349 -0.675913 0.260653
0.686780 -0.675705 0.267873
0.680861 -0.680862 0.269917
0.926589 -0.242029 0.287845
0.826337 -0.484058 0.287845
0.680861 -0.680862 0.269917
0.962884 0.000000 0.269916
0.962884 0.000000 0.269916
0.000000 -0.000000 1.000000
-0.000001 -0.000001 1.000000
-0.000000 -0.000001 1.000000
-0.000002 0.000000 1.000000
-0.000002 0.000001 1.000000
0.000000 -0.000001 1.000000
0.000000 -0.000000 1.000000
0.000002 0.000002 1.000000
0.000002 0.000000 1.000000
0.000000 0.000000 1.000000
0.000001 0.000002 1.000000
0.000003 0.000001 1.000000
0.000000 0.000002 1.000000
0.000001 -0.000000 1.000000
0.680861 0.680862 0.269917
0.680861 0.680862 0.269917
0.680861 0.680862 0.269917
-0.719662 0.645339 0.256172
-0.821483 0.503413 0.267844
-0.718649 0.647344 0.253947
-0.900463 0.338859 0.272657
-0.960262 0.056439 0.273334
-0.960262 -0.056443 0.273334
-0.895744 -0.349692 0.274514
-0.805364 -0.525736 0.273844
-0.689349 -0.675913 0.260653
-0.686779 -0.675705 0.267873
-0.926589 -0.242029 0.287845
-0.680861 -0.680862 0.269917
-0.826337 -0.484058 0.287845
-0.680861 -0.680862 0.269917
-0.962884 0.000000 0.269916
0.000002 0.000000 1.000000
0.000001 -0.000001 1.000000
0.000002 0.000000 1.000000
0.000002 0.000001 1.000000
-0.000000 -0.000000 1.000000
-0.000002 0.000002 1.000000
-0.000002 0.000000 1.000000
0.000000 0.962884 0.269917
0.000000 0.962884 0.269917
0.000000 0.962884 0.269917
69
0 0 1 2 0 1 2 1
0 3 4 5 3 4 5 1
0 5 6 3 5 6 3 1
0 6 7 3 6 7 3 1
0 8 9 10 8 9 10 1
0 11 12 13 11 11 11 1
0 13 14 11 11 11 11 1
0 12 15 16 11 11 11 1
0 16 13 12 11 11 11 1
0 6 5 17 12 13 12 2
0 17 18 6 12 14 12 2
0 7 6 18 15 16 17 3
0 18 19 7 17 18 15 3
0 20 7 19 19 15 18 3
0 19 21 20 18 20 19 3
0 8 20 21 21 19 20 3
0 21 22 8 20 22 21 3
0 9 8 22 23 21 22 3
0 22 23 9 22 24 23 3
0 14 13 2 25 26 27 2
0 2 1 14 27 28 25 2
0 13 16 0 26 29 30 2
0 0 2 13 30 27 26 2
0 23 22 21 31 32 33 1
0 23 21 19 31 33 34 1
0 23 19 18 31 34 35 1
0 23 18 17 31 35 36 1
0 8 10 24 8 10 37 1
0 25 3 7 38 3 7 1
0 20 8 24 39 8 37 1
0 24 25 20 37 38 39 1
0 25 7 20 38 7 39 1
0 1 26 27 1 40 11 1
0 4 28 5 4 41 5 1
0 29 5 28 42 5 41 1
0 30 29 28 43 42 41 1
0 9 31 10 9 44 10 1
0 32 11 33 11 11 11 1
0 14 33 11 11 11 11 1
0 34 32 35 11 11 11 1
0 33 35 32 11 11 11 1
0 5 29 17 45 46 46 3
0 36 17 29 47 46 46 3
0 29 30 36 48 49 50 2
0 37 36 30 51 50 49 2
0 30 38 37 49 52 51 2
0 39 37 38 53 51 52 2
0 38 31 39 52 54 53 2
0 40 39 31 55 53 54 2
0 31 9 40 54 56 55 2
0 23 40 9 57 55 56 2
0 33 14 27 58 59 60 3
0 1 27 14 61 60 59 3
0 35 33 26 62 58 62 3
0 27 26 33 60 62 58 3
0 40 23 39 63 31 64 1
0 39 23 37 64 31 65 1
0 37 23 36 65 31 66 1
0 36 23 17 66 31 36 1
0 10 31 41 10 44 67 1
0 28 42 30 41 68 43 1
0 31 38 41 44 69 67 1
0 42 41 38 68 67 69 1
0 30 42 38 43 68 69 1
0 34 35 16 11 11 11 1
0 34 16 15 11 11 11 1
0 16 35 26 70 71 70 4
0 16 26 0 70 70 72 4
0 0 26 1 0 40 1 1

Materials: 1
"03 - Default"
0.588235 0.588235 0.588235 1.000000
0.588235 0.588235 0.588235 1.000000
0.898039 0.898039 0.898039 1.000000
0.000000 0.000000 0.000000 1.000000
12.800000
1.000000
"texturetest8.ini"
""

Bones: 0
GroupComments: 0
MaterialComments: 0
BoneComments: 0
ModelComment: 0
