// MilkShape 3D ASCII

Frames: 30
Frame: 1

Meshes: 2
"A-outer" 0 1
156
0 39.188980 16.276716 4.733999 0.812653 0.464636 -1
0 38.943077 18.579599 4.733999 0.820849 0.465216 -1
0 35.821510 17.915094 10.279068 0.823807 0.420033 -1
0 36.014503 16.107710 10.279068 0.816936 0.418870 -1
0 38.205345 20.858229 4.733999 0.829534 0.465517 -1
0 35.276508 19.598440 10.279068 0.830709 0.420610 -1
0 36.975800 23.112604 4.733999 0.838912 0.465577 -1
0 34.359406 21.279947 10.279068 0.838254 0.420723 -1
0 35.008625 25.343100 4.733999 0.849725 0.465272 -1
0 32.975048 22.849615 10.279068 0.846443 0.420160 -1
0 32.672684 26.681387 4.733999 0.858989 0.464426 -1
0 31.591295 23.642385 10.279068 0.852252 0.418882 -1
0 29.967993 27.127493 4.733999 0.867089 0.462891 -1
0 29.707954 23.953016 10.279068 0.857996 0.416249 -1
0 29.967993 27.127493 4.733999 -0.132911 0.462891 -1
0 -29.967989 27.127493 4.733999 0.132911 0.462891 -1
0 -29.734589 23.953016 10.279068 0.142073 0.416292 -1
0 29.707954 23.953016 10.279068 -0.142004 0.416249 -1
0 -20.718885 16.262384 4.733999 0.144087 0.443393 -1
0 20.718889 16.262384 4.733999 -0.144087 0.443393 -1
0 23.893366 19.436861 10.279068 -0.141312 0.397471 -1
0 -23.893362 19.436861 10.279068 0.141312 0.397471 -1
0 39.188980 -16.276714 4.733999 0.687347 0.464636 -1
0 36.014503 -16.088036 10.279068 0.683137 0.418855 -1
0 20.718889 16.262384 4.733999 0.855913 0.443393 -1
0 20.718889 5.397280 4.733999 0.790559 0.430734 -1
0 23.893366 2.222803 10.279068 0.764764 0.371177 -1
0 23.893366 19.436861 10.279068 0.858688 0.397471 -1
0 20.718889 -5.467829 4.733999 0.708934 0.430790 -1
0 20.718889 -27.127493 4.733999 0.603809 0.456135 -1
0 23.893366 -23.953016 10.279068 0.624802 0.406111 -1
0 23.893366 -2.293354 10.279068 0.734770 0.371209 -1
0 29.953938 -27.127493 4.733999 0.632874 0.462881 -1
0 29.720896 -23.953016 10.279068 0.642038 0.416270 -1
0 -29.953932 -27.127493 4.733999 0.367126 0.462881 -1
0 -20.718885 -27.127493 4.733999 0.396191 0.456135 -1
0 -23.893362 -23.953016 10.279068 0.375198 0.406111 -1
0 -29.709414 -23.953016 10.279068 0.357992 0.416251 -1
0 -20.718885 -5.467829 4.733999 0.291066 0.430790 -1
0 -23.893362 -2.293354 10.279068 0.265229 0.371209 -1
0 -32.755032 -26.693399 4.733999 0.358828 0.464486 -1
0 -31.716410 -23.641987 10.279068 0.351949 0.419078 -1
0 -35.125328 -25.391113 4.733999 0.349617 0.465370 -1
0 -33.120369 -22.870625 10.279068 0.346184 0.420410 -1
0 -37.064808 -23.220642 4.733999 0.339074 0.465681 -1
0 -34.454643 -21.377441 10.279068 0.338382 0.420972 -1
0 -38.244900 -21.062782 4.733999 0.330120 0.465621 -1
0 -35.307526 -19.817892 10.279068 0.331403 0.420862 -1
0 -38.952961 -18.784153 4.733999 0.321513 0.465293 -1
0 -35.825420 -18.151257 10.279068 0.324637 0.420242 -1
0 -39.188980 -16.384750 4.733999 0.313027 0.464670 -1
0 -36.014503 -16.228996 10.279068 0.317382 0.418968 -1
0 -39.188980 16.276716 4.733999 0.187347 0.464636 -1
0 -36.014503 16.088346 10.279068 0.183136 0.418855 -1
0 31.913826 -26.838179 4.733999 0.638715 0.464017 -1
0 31.016859 -23.761709 10.279068 0.645957 0.418116 -1
0 33.853092 -25.970234 4.733999 0.645852 0.464827 -1
0 32.228630 -23.219364 10.279068 0.650636 0.419397 -1
0 35.771755 -24.523659 4.733999 0.654353 0.465393 -1
0 33.557674 -22.217333 10.279068 0.656925 0.420403 -1
0 37.670216 -22.208527 4.733999 0.665218 0.465675 -1
0 34.917469 -20.559092 10.279068 0.665308 0.420920 -1
0 38.809288 -19.459549 4.733999 0.676028 0.465428 -1
0 35.709023 -18.648808 10.279068 0.673401 0.420478 -1
0 20.718889 5.397280 4.733999 -0.209441 0.430734 -1
0 -20.718885 5.397280 4.733999 0.209441 0.430734 -1
0 -23.893362 2.222803 10.279068 0.235236 0.371177 -1
0 23.893366 2.222803 10.279068 -0.235236 0.371177 -1
0 -38.809910 19.459543 4.733999 0.176029 0.465428 -1
0 -35.709412 18.650030 10.279068 0.173398 0.420480 -1
0 -37.672710 22.208536 4.733999 0.165223 0.465676 -1
0 -34.918865 20.561041 10.279068 0.165304 0.420925 -1
0 -35.777374 24.523657 4.733999 0.154365 0.465397 -1
0 -33.561592 22.218924 10.279068 0.156928 0.420411 -1
0 -33.861309 25.970232 4.733999 0.145870 0.464832 -1
0 -32.235195 23.220312 10.279068 0.150648 0.419409 -1
0 -31.924854 26.838179 4.733999 0.138743 0.464024 -1
0 -31.026690 23.761984 10.279068 0.145981 0.418132 -1
0 38.943077 18.579599 -4.720932 0.820849 0.534689 -1
0 39.188980 16.276716 -4.720932 0.812653 0.535267 -1
0 35.821510 17.915094 -10.279068 0.823807 0.579967 -1
0 36.014503 16.107710 -10.279068 0.816936 0.581130 -1
0 38.205345 20.858229 -4.720932 0.829534 0.534388 -1
0 35.276508 19.598440 -10.279068 0.830709 0.579390 -1
0 36.975800 23.112604 -4.720932 0.838912 0.534328 -1
0 34.359406 21.279947 -10.279068 0.838254 0.579277 -1
0 35.008625 25.343100 -4.720932 0.849725 0.534633 -1
0 32.975048 22.849615 -10.279068 0.846443 0.579840 -1
0 32.672684 26.681387 -4.720932 0.858989 0.535476 -1
0 31.591295 23.642385 -10.279068 0.852252 0.581118 -1
0 29.967993 27.127493 -4.720932 0.867089 0.537008 -1
0 29.707954 23.953016 -10.279068 0.857996 0.583751 -1
0 -29.967989 27.127493 -4.720932 0.132911 0.537008 -1
0 29.967993 27.127493 -4.720932 -0.132911 0.537008 -1
0 -29.734589 23.953016 -10.279068 0.142073 0.583708 -1
0 29.707954 23.953016 -10.279068 -0.142004 0.583751 -1
0 20.718889 16.262384 -4.720932 -0.144087 0.556454 -1
0 -20.718885 16.262384 -4.720932 0.144087 0.556454 -1
0 23.893366 19.436861 -10.279068 -0.141312 0.602529 -1
0 -23.893362 19.436861 -10.279068 0.141312 0.602530 -1
0 39.188980 -16.276714 -4.720932 0.687347 0.535267 -1
0 36.014503 -16.088037 -10.279068 0.683137 0.581145 -1
0 20.718889 5.397280 -4.720932 0.790559 0.569081 -1
0 20.718889 16.262384 -4.720932 0.855913 0.556454 -1
0 23.893366 2.222803 -10.279068 0.764764 0.628823 -1
0 23.893366 19.436861 -10.279068 0.858688 0.602529 -1
0 20.718889 -27.127493 -4.720932 0.603809 0.543746 -1
0 20.718889 -5.467829 -4.720932 0.708934 0.569025 -1
0 23.893366 -23.953016 -10.279068 0.624802 0.593889 -1
0 23.893366 -2.293354 -10.279068 0.734770 0.628791 -1
0 29.953938 -27.127493 -4.720932 0.632874 0.537017 -1
0 29.720896 -23.953016 -10.279068 0.642038 0.583730 -1
0 -20.718885 -27.127493 -4.720932 0.396191 0.543746 -1
0 -29.953932 -27.127493 -4.720932 0.367126 0.537017 -1
0 -23.893362 -23.953016 -10.279068 0.375198 0.593889 -1
0 -29.709414 -23.953016 -10.279068 0.357992 0.583749 -1
0 -20.718885 -5.467829 -4.720932 0.291066 0.569025 -1
0 -23.893362 -2.293354 -10.279068 0.265229 0.628791 -1
0 -32.755032 -26.693399 -4.720932 0.358828 0.535417 -1
0 -31.716410 -23.641987 -10.279068 0.351949 0.580922 -1
0 -35.125328 -25.391113 -4.720932 0.349617 0.534535 -1
0 -33.120369 -22.870626 -10.279068 0.346184 0.579590 -1
0 -37.064808 -23.220642 -4.720932 0.339074 0.534225 -1
0 -34.454643 -21.377441 -10.279068 0.338382 0.579028 -1
0 -38.244900 -21.062782 -4.720932 0.330120 0.534284 -1
0 -35.307526 -19.817892 -10.279068 0.331403 0.579138 -1
0 -38.952961 -18.784153 -4.720932 0.321513 0.534611 -1
0 -35.825420 -18.151257 -10.279068 0.324637 0.579758 -1
0 -39.188980 -16.384750 -4.720932 0.313027 0.535233 -1
0 -36.014503 -16.228996 -10.279068 0.317382 0.581032 -1
0 -39.188980 16.276716 -4.720932 0.187347 0.535267 -1
0 -36.014503 16.088346 -10.279068 0.183136 0.581145 -1
0 31.913826 -26.838179 -4.720932 0.638715 0.535885 -1
0 31.016859 -23.761709 -10.279068 0.645957 0.581884 -1
0 33.853092 -25.970234 -4.720932 0.645852 0.535077 -1
0 32.228630 -23.219366 -10.279068 0.650636 0.580603 -1
0 35.771755 -24.523659 -4.720932 0.654353 0.534512 -1
0 33.557674 -22.217333 -10.279068 0.656925 0.579597 -1
0 37.670216 -22.208527 -4.720932 0.665218 0.534231 -1
0 34.917469 -20.559092 -10.279068 0.665308 0.579080 -1
0 38.809288 -19.459549 -4.720932 0.676028 0.534478 -1
0 35.709023 -18.648806 -10.279068 0.673401 0.579522 -1
0 -20.718885 5.397280 -4.720932 0.209441 0.569081 -1
0 20.718889 5.397280 -4.720932 -0.209441 0.569081 -1
0 -23.893362 2.222803 -10.279068 0.235236 0.628823 -1
0 23.893366 2.222803 -10.279068 -0.235236 0.628823 -1
0 -38.809910 19.459543 -4.720932 0.176029 0.534477 -1
0 -35.709412 18.650030 -10.279068 0.173398 0.579520 -1
0 -37.672710 22.208536 -4.720932 0.165223 0.534230 -1
0 -34.918865 20.561041 -10.279068 0.165304 0.579075 -1
0 -35.777374 24.523657 -4.720932 0.154365 0.534509 -1
0 -33.561592 22.218924 -10.279068 0.156928 0.579589 -1
0 -33.861309 25.970232 -4.720932 0.145870 0.535072 -1
0 -32.235195 23.220312 -10.279068 0.150648 0.580591 -1
0 -31.924854 26.838179 -4.720932 0.138743 0.535878 -1
0 -31.026690 23.761984 -10.279068 0.145981 0.581868 -1
209
0.865396 0.061488 0.497302
0.841085 0.209673 0.498611
0.853559 0.151074 0.498611
0.867033 0.030744 0.497302
0.785423 0.367196 0.498274
0.806737 0.317644 0.498274
0.690763 0.523387 0.498911
0.727924 0.470334 0.498911
0.509126 0.699622 0.501318
0.582941 0.639422 0.501318
0.240508 0.830662 0.502152
0.338272 0.795874 0.502152
0.141233 0.856278 0.496831
0.141232 0.856279 0.496831
0.000000 0.867847 0.496831
-0.084771 0.863181 0.497727
-0.042386 0.866297 0.497727
0.000000 0.867847 0.496831
0.268351 -0.845917 0.460882
0.000000 -0.985323 0.170699
0.000000 -0.867847 0.496831
0.709342 -0.354671 0.609133
0.866833 -0.034307 0.497417
0.864794 -0.068614 0.497417
-0.867847 0.000000 0.496831
-0.867847 0.000000 0.496831
-0.845917 -0.268351 0.460882
-0.781724 -0.473120 0.406282
-0.709342 -0.354671 0.609133
-0.354671 -0.709342 0.609133
0.084643 -0.863195 0.497725
0.042321 -0.866302 0.497725
-0.044390 -0.866147 0.497815
0.845917 -0.268351 0.460882
0.354671 -0.709342 0.609133
-0.088779 -0.862728 0.497815
0.781724 -0.473120 0.406282
0.709342 -0.354671 0.609133
-0.230232 -0.833714 0.501911
-0.326199 -0.801049 0.501911
-0.499086 -0.706594 0.501636
-0.576237 -0.645223 0.501636
-0.688235 -0.526611 0.499012
-0.726501 -0.472423 0.499012
-0.786474 -0.364655 0.498483
-0.808993 -0.311520 0.498483
-0.843307 -0.200697 0.498551
-0.854989 -0.142974 0.498551
-0.865765 -0.056683 0.497231
-0.867155 -0.028341 0.497231
-0.866836 0.034252 0.497415
-0.864804 0.068503 0.497415
0.280357 -0.819409 0.499968
0.203947 -0.841687 0.499968
0.468466 -0.729106 0.498944
0.412251 -0.762302 0.498944
0.624485 -0.600689 0.499190
0.574712 -0.648471 0.499190
0.763691 -0.407846 0.500438
0.719817 -0.481067 0.500438
0.847049 -0.180401 0.499964
0.826925 -0.257355 0.499964
0.000000 0.939919 0.341398
0.473120 0.781724 0.406282
0.354671 0.709342 0.609133
0.000000 0.867847 0.496831
-0.847112 0.180130 0.499955
-0.827046 0.256981 0.499955
-0.763961 0.407346 0.500432
-0.720171 0.480542 0.500432
-0.624937 0.600217 0.499193
-0.575166 0.648066 0.499194
-0.468913 0.728816 0.498946
-0.412691 0.762062 0.498946
-0.280714 0.819283 0.499976
-0.204223 0.841616 0.499976
0.841577 0.209796 -0.497729
0.865899 0.061524 -0.496421
0.854058 0.151163 -0.497729
0.867537 0.030762 -0.496421
0.785882 0.367410 -0.497393
0.807208 0.317829 -0.497393
0.691167 0.523693 -0.498029
0.728350 0.470609 -0.498029
0.509427 0.700035 -0.500435
0.583285 0.639799 -0.500435
0.240651 0.831154 -0.501268
0.338472 0.796346 -0.501268
0.141315 0.856775 -0.495950
0.141314 0.856775 -0.495950
-0.084821 0.863683 -0.496846
0.000000 0.868351 -0.495950
-0.042410 0.866802 -0.496846
0.000000 -0.966528 -0.256563
0.211037 -0.908137 -0.361595
0.000000 -0.868351 -0.495950
0.709961 -0.354980 -0.608231
0.867337 -0.034327 -0.496536
0.865297 -0.068654 -0.496536
-0.868351 0.000000 -0.495950
-0.966528 0.000000 -0.256563
-0.868351 0.000000 -0.495950
0.084692 -0.863698 -0.496844
0.042346 -0.866806 -0.496844
0.000000 -0.868351 -0.495950
-0.044416 -0.866651 -0.496934
-0.088831 -0.863230 -0.496934
0.966528 0.000000 -0.256563
0.868351 0.000000 -0.495950
0.868351 0.000000 -0.495950
-0.230368 -0.834208 -0.501027
-0.326391 -0.801524 -0.501027
-0.499381 -0.707012 -0.500753
-0.576577 -0.645605 -0.500753
-0.688638 -0.526919 -0.498130
-0.726926 -0.472699 -0.498131
-0.786933 -0.364868 -0.497602
-0.809466 -0.311702 -0.497601
-0.843800 -0.200815 -0.497670
-0.855488 -0.143058 -0.497669
-0.866268 -0.056716 -0.496350
-0.867659 -0.028358 -0.496350
-0.867340 0.034272 -0.496535
-0.865306 0.068543 -0.496534
0.280521 -0.819891 -0.499086
0.204066 -0.842182 -0.499086
0.468740 -0.729532 -0.498062
0.412492 -0.762748 -0.498062
0.624851 -0.601041 -0.498309
0.575049 -0.648851 -0.498308
0.764140 -0.408086 -0.499555
0.720240 -0.481351 -0.499555
0.847546 -0.180507 -0.499082
0.827410 -0.257506 -0.499082
0.000000 -0.868351 -0.495950
0.000000 -0.868351 -0.495950
0.588102 0.632683 -0.503834
0.000000 0.966528 -0.256563
0.354980 0.709961 -0.608231
0.000000 0.868351 -0.495950
-0.847609 0.180236 -0.499073
-0.827532 0.257132 -0.499073
-0.764411 0.407586 -0.499550
-0.720595 0.480825 -0.499550
-0.625303 0.600568 -0.498312
-0.575503 0.648446 -0.498312
-0.469187 0.729243 -0.498064
-0.412932 0.762508 -0.498065
-0.280879 0.819764 -0.499093
-0.204343 0.842110 -0.499093
0.984695 0.174285 0.000000
0.999372 0.035437 0.000000
0.997485 0.070874 0.000000
0.970305 0.241886 0.000000
0.930472 0.366363 0.000000
0.905889 0.423515 0.000000
0.839926 0.542702 0.000000
0.797046 0.603918 0.000000
0.673715 0.738992 0.000000
0.588406 0.808566 0.000000
0.391165 0.920320 0.000000
0.278116 0.960548 0.000000
0.162739 0.986669 0.000000
-0.048869 0.998805 0.000000
0.000000 1.000000 0.000000
-0.097738 0.995212 0.000000
0.996867 -0.079093 0.000000
0.999218 -0.039547 0.000000
-1.000000 0.000000 0.000000
0.048795 -0.998809 0.000000
0.000000 -1.000000 0.000000
0.097590 -0.995227 0.000000
-0.102365 -0.994747 0.000000
-0.051182 -0.998689 0.000000
-0.377143 -0.926155 0.000000
-0.266189 -0.963921 0.000000
-0.666109 -0.745854 0.000000
-0.576925 -0.816797 0.000000
-0.838339 -0.545149 0.000000
-0.794184 -0.607678 0.000000
-0.933203 -0.359350 0.000000
-0.907226 -0.420644 0.000000
-0.986305 -0.164933 0.000000
-0.972830 -0.231521 0.000000
-0.999466 -0.032666 0.000000
-0.997864 -0.065332 0.000000
-0.996877 0.078965 0.000000
-0.999220 0.039483 0.000000
0.235492 -0.971876 0.000000
0.323721 -0.946152 0.000000
0.475692 -0.879612 0.000000
0.540558 -0.841307 0.000000
0.663263 -0.748386 0.000000
0.720705 -0.693242 0.000000
0.831416 -0.555651 0.000000
0.882092 -0.471077 0.000000
0.954828 -0.297160 0.000000
0.978064 -0.208305 0.000000
1.000000 0.000000 0.000000
-0.954962 0.296727 0.000000
-0.978131 0.207990 0.000000
-0.831822 0.555042 0.000000
-0.882401 0.470498 0.000000
-0.663789 0.747920 0.000000
-0.721227 0.692698 0.000000
-0.476200 0.879337 0.000000
-0.541075 0.840974 0.000000
-0.235812 0.971799 0.000000
-0.324134 0.946011 0.000000
216
0 0 1 2 0 1 2 1
0 2 3 0 2 3 0 1
0 1 4 5 1 4 5 1
0 5 2 1 5 2 1 1
0 4 6 7 4 6 7 1
0 7 5 4 7 5 4 1
0 6 8 9 6 8 9 1
0 9 7 6 9 7 6 1
0 8 10 11 8 10 11 1
0 11 9 8 11 9 8 1
0 10 12 13 10 12 13 1
0 13 11 10 13 11 10 1
0 14 15 16 14 15 16 1
0 16 17 14 16 17 14 1
0 18 19 20 18 19 20 1
0 20 21 18 20 21 18 1
0 22 0 3 22 0 3 1
0 3 23 22 3 23 22 1
0 24 25 26 24 24 24 1
0 26 27 24 24 25 24 1
0 28 29 30 26 27 28 1
0 30 31 28 28 29 26 1
0 29 32 33 27 30 31 1
0 33 30 29 31 28 27 1
0 34 35 36 32 33 34 1
0 36 37 34 34 35 32 1
0 35 38 39 33 36 37 1
0 39 36 35 37 34 33 1
0 40 34 37 38 32 35 1
0 37 41 40 35 39 38 1
0 42 40 41 40 38 39 1
0 41 43 42 39 41 40 1
0 44 42 43 42 40 41 1
0 43 45 44 41 43 42 1
0 46 44 45 44 42 43 1
0 45 47 46 43 45 44 1
0 48 46 47 46 44 45 1
0 47 49 48 45 47 46 1
0 50 48 49 48 46 47 1
0 49 51 50 47 49 48 1
0 52 50 51 50 48 49 1
0 51 53 52 49 51 50 1
0 32 54 55 30 52 53 1
0 55 33 32 53 31 30 1
0 54 56 57 52 54 55 1
0 57 55 54 55 53 52 1
0 56 58 59 54 56 57 1
0 59 57 56 57 55 54 1
0 58 60 61 56 58 59 1
0 61 59 58 59 57 56 1
0 60 62 63 58 60 61 1
0 63 61 60 61 59 58 1
0 62 22 23 60 22 23 1
0 23 63 62 23 61 60 1
0 38 28 31 36 26 29 1
0 31 39 38 29 37 36 1
0 64 65 66 62 63 64 1
0 66 67 64 64 65 62 1
0 65 18 21 63 18 21 1
0 21 66 65 21 64 63 1
0 68 52 53 66 50 51 1
0 53 69 68 51 67 66 1
0 70 68 69 68 66 67 1
0 69 71 70 67 69 68 1
0 72 70 71 70 68 69 1
0 71 73 72 69 71 70 1
0 74 72 73 72 70 71 1
0 73 75 74 71 73 72 1
0 76 74 75 74 72 73 1
0 75 77 76 73 75 74 1
0 15 76 77 15 74 75 1
0 77 16 15 75 16 15 1
0 78 79 80 76 77 78 2
0 81 80 79 79 78 77 2
0 82 78 83 80 76 81 2
0 80 83 78 78 81 76 2
0 84 82 85 82 80 83 2
0 83 85 82 81 83 80 2
0 86 84 87 84 82 85 2
0 85 87 84 83 85 82 2
0 88 86 89 86 84 87 2
0 87 89 86 85 87 84 2
0 90 88 91 88 86 89 2
0 89 91 88 87 89 86 2
0 92 93 94 90 91 92 2
0 95 94 93 91 92 91 2
0 96 97 98 93 94 95 1
0 99 98 97 96 95 94 1
0 79 100 81 77 97 79 2
0 101 81 100 98 79 97 2
0 102 103 104 99 99 99 1
0 105 104 103 99 99 99 1
0 106 107 108 100 100 101 1
0 109 108 107 99 101 100 1
0 110 106 111 102 95 103 2
0 108 111 106 95 103 95 2
0 112 113 114 104 105 104 2
0 115 114 113 106 104 105 2
0 116 112 117 107 107 108 1
0 114 117 112 109 108 107 1
0 113 118 115 105 110 106 2
0 119 115 118 111 106 110 2
0 118 120 119 110 112 111 2
0 121 119 120 113 111 112 2
0 120 122 121 112 114 113 2
0 123 121 122 115 113 114 2
0 122 124 123 114 116 115 2
0 125 123 124 117 115 116 2
0 124 126 125 116 118 117 2
0 127 125 126 119 117 118 2
0 126 128 127 118 120 119 2
0 129 127 128 121 119 120 2
0 128 130 129 120 122 121 2
0 131 129 130 123 121 122 2
0 132 110 133 124 102 125 2
0 111 133 110 103 125 102 2
0 134 132 135 126 124 127 2
0 133 135 132 125 127 124 2
0 136 134 137 128 126 129 2
0 135 137 134 127 129 126 2
0 138 136 139 130 128 131 2
0 137 139 136 129 131 128 2
0 140 138 141 132 130 133 2
0 139 141 138 131 133 130 2
0 100 140 101 97 132 98 2
0 141 101 140 133 98 132 2
0 107 116 109 134 134 134 2
0 117 109 116 135 134 134 2
0 142 143 144 136 137 138 1
0 145 144 143 139 138 137 1
0 97 142 99 94 136 96 1
0 144 99 142 138 96 136 1
0 130 146 131 122 140 123 2
0 147 131 146 141 123 140 2
0 146 148 147 140 142 141 2
0 149 147 148 143 141 142 2
0 148 150 149 142 144 143 2
0 151 149 150 145 143 144 2
0 150 152 151 144 146 145 2
0 153 151 152 147 145 146 2
0 152 154 153 146 148 147 2
0 155 153 154 149 147 148 2
0 154 92 155 148 90 149 2
0 94 155 92 92 149 90 2
0 1 0 79 150 151 152 4
0 79 78 1 152 153 150 4
0 4 1 78 154 150 153 4
0 78 82 4 153 155 154 4
0 6 4 82 156 154 155 4
0 82 84 6 155 157 156 4
0 8 6 84 158 156 157 4
0 84 86 8 157 159 158 4
0 10 8 86 160 158 159 4
0 86 88 10 159 161 160 4
0 12 10 88 162 160 161 4
0 88 90 12 161 162 162 4
0 15 14 93 163 164 164 4
0 93 92 15 164 165 163 4
0 19 18 97 19 18 94 1
0 97 96 19 94 93 19 1
0 0 22 100 151 166 167 4
0 100 79 0 167 152 151 4
0 25 24 103 168 168 168 4
0 103 102 25 168 168 168 4
0 29 28 107 27 26 100 1
0 107 106 29 100 100 27 1
0 32 29 106 169 170 170 4
0 106 110 32 170 171 169 4
0 35 34 113 170 172 173 4
0 113 112 35 173 170 170 4
0 38 35 112 36 33 107 1
0 112 116 38 107 107 36 1
0 34 40 118 172 174 175 4
0 118 113 34 175 173 172 4
0 40 42 120 174 176 177 4
0 120 118 40 177 175 174 4
0 42 44 122 176 178 179 4
0 122 120 42 179 177 176 4
0 44 46 124 178 180 181 4
0 124 122 44 181 179 178 4
0 46 48 126 180 182 183 4
0 126 124 46 183 181 180 4
0 48 50 128 182 184 185 4
0 128 126 48 185 183 182 4
0 50 52 130 184 186 187 4
0 130 128 50 187 185 184 4
0 54 32 110 188 169 171 4
0 110 132 54 171 189 188 4
0 56 54 132 190 188 189 4
0 132 134 56 189 191 190 4
0 58 56 134 192 190 191 4
0 134 136 58 191 193 192 4
0 60 58 136 194 192 193 4
0 136 138 60 193 195 194 4
0 62 60 138 196 194 195 4
0 138 140 62 195 197 196 4
0 22 62 140 166 196 197 4
0 140 100 22 197 167 166 4
0 28 38 116 170 170 170 4
0 116 107 28 170 170 170 4
0 65 64 143 63 62 137 1
0 143 142 65 137 136 63 1
0 18 65 142 198 198 198 4
0 142 97 18 198 198 198 4
0 52 68 146 186 199 200 4
0 146 130 52 200 187 186 4
0 68 70 148 199 201 202 4
0 148 146 68 202 200 199 4
0 70 72 150 201 203 204 4
0 150 148 70 204 202 201 4
0 72 74 152 203 205 206 4
0 152 150 72 206 204 203 4
0 74 76 154 205 207 208 4
0 154 152 74 208 206 205 4
0 76 15 92 207 163 165 4
0 92 154 76 165 208 207 4
"A-inner" 0 0
72
0 23.893366 19.436861 10.279068 0.831719 0.094271 -1
0 36.014503 16.107710 10.279068 1.000000 0.163764 -1
0 35.821510 17.915094 10.279068 0.997321 0.126037 -1
0 35.276508 19.598440 10.279068 0.989754 0.090898 -1
0 34.359406 21.279947 10.279068 0.977022 0.055798 -1
0 32.975048 22.849615 10.279068 0.957802 0.023033 -1
0 31.591295 23.642385 10.279068 0.938591 0.006484 -1
0 29.707954 23.953016 10.279068 0.912444 0.000000 -1
0 -29.734589 23.953016 10.279068 0.087186 0.000000 -1
0 -23.893362 19.436861 10.279068 0.168281 0.094271 -1
0 36.014503 -16.088036 10.279068 1.000000 0.835825 -1
0 23.893366 2.222803 10.279068 0.831719 0.453601 -1
0 23.893366 -2.293354 10.279068 0.831719 0.547872 -1
0 23.893366 -23.953016 10.279068 0.831719 1.000000 -1
0 29.720896 -23.953016 10.279068 0.912624 1.000000 -1
0 -29.709414 -23.953016 10.279068 0.087535 1.000000 -1
0 -23.893362 -23.953016 10.279068 0.168281 1.000000 -1
0 -23.893362 -2.293354 10.279068 0.168281 0.547872 -1
0 -31.716410 -23.641987 10.279068 0.059672 0.993508 -1
0 -33.120369 -22.870625 10.279068 0.040180 0.977406 -1
0 -34.454643 -21.377441 10.279068 0.021656 0.946237 -1
0 -35.307526 -19.817892 10.279068 0.009815 0.913683 -1
0 -35.825420 -18.151257 10.279068 0.002625 0.878893 -1
0 -36.014503 -16.228996 10.279068 0.000000 0.838767 -1
0 -36.014503 16.088346 10.279068 0.000000 0.164169 -1
0 31.016859 -23.761709 10.279068 0.930616 0.996007 -1
0 32.228630 -23.219364 10.279068 0.947440 0.984686 -1
0 33.557674 -22.217333 10.279068 0.965891 0.963769 -1
0 34.917469 -20.559092 10.279068 0.984770 0.929155 -1
0 35.709023 -18.648808 10.279068 0.995759 0.889279 -1
0 -23.893362 2.222803 10.279068 0.168281 0.453601 -1
0 -35.709412 18.650030 10.279068 0.004236 0.110696 -1
0 -34.918865 20.561041 10.279068 0.015211 0.070805 -1
0 -33.561592 22.218924 10.279068 0.034054 0.036198 -1
0 -32.235195 23.220312 10.279068 0.052469 0.015295 -1
0 -31.026690 23.761984 10.279068 0.069247 0.003988 -1
0 36.014503 16.107710 -10.279068 1.000000 0.163764 -1
0 23.893366 19.436861 -10.279068 0.831719 0.094271 -1
0 35.821510 17.915094 -10.279068 0.997321 0.126037 -1
0 35.276508 19.598440 -10.279068 0.989754 0.090898 -1
0 34.359406 21.279947 -10.279068 0.977022 0.055798 -1
0 32.975048 22.849615 -10.279068 0.957802 0.023033 -1
0 31.591295 23.642385 -10.279068 0.938591 0.006484 -1
0 29.707954 23.953016 -10.279068 0.912444 0.000000 -1
0 -29.734589 23.953016 -10.279068 0.087186 0.000000 -1
0 -23.893362 19.436861 -10.279068 0.168281 0.094271 -1
0 36.014503 -16.088037 -10.279068 1.000000 0.835825 -1
0 23.893366 2.222803 -10.279068 0.831719 0.453601 -1
0 23.893366 -23.953016 -10.279068 0.831719 1.000000 -1
0 23.893366 -2.293354 -10.279068 0.831719 0.547872 -1
0 29.720896 -23.953016 -10.279068 0.912624 1.000000 -1
0 -23.893362 -23.953016 -10.279068 0.168281 1.000000 -1
0 -29.709414 -23.953016 -10.279068 0.087535 1.000000 -1
0 -23.893362 -2.293354 -10.279068 0.168281 0.547872 -1
0 -31.716410 -23.641987 -10.279068 0.059672 0.993508 -1
0 -33.120369 -22.870626 -10.279068 0.040180 0.977406 -1
0 -34.454643 -21.377441 -10.279068 0.021656 0.946237 -1
0 -35.307526 -19.817892 -10.279068 0.009815 0.913683 -1
0 -35.825420 -18.151257 -10.279068 0.002625 0.878893 -1
0 -36.014503 -16.228996 -10.279068 0.000000 0.838767 -1
0 -36.014503 16.088346 -10.279068 0.000000 0.164169 -1
0 31.016859 -23.761709 -10.279068 0.930616 0.996007 -1
0 32.228630 -23.219366 -10.279068 0.947440 0.984686 -1
0 33.557674 -22.217333 -10.279068 0.965891 0.963769 -1
0 34.917469 -20.559092 -10.279068 0.984770 0.929155 -1
0 35.709023 -18.648806 -10.279068 0.995759 0.889279 -1
0 -23.893362 2.222803 -10.279068 0.168281 0.453601 -1
0 -35.709412 18.650030 -10.279068 0.004236 0.110696 -1
0 -34.918865 20.561041 -10.279068 0.015211 0.070805 -1
0 -33.561592 22.218924 -10.279068 0.034054 0.036198 -1
0 -32.235195 23.220312 -10.279068 0.052469 0.015295 -1
0 -31.026690 23.761984 -10.279068 0.069247 0.003988 -1
2
0.000000 0.000000 1.000000
0.000000 0.000000 -1.000000
72
0 0 1 2 0 0 0 1
0 0 2 3 0 0 0 1
0 0 3 4 0 0 0 1
0 0 4 5 0 0 0 1
0 0 5 6 0 0 0 1
0 0 6 7 0 0 0 1
0 0 7 8 0 0 0 1
0 9 0 8 0 0 0 1
0 10 1 0 0 0 0 1
0 10 0 11 0 0 0 1
0 12 13 14 0 0 0 1
0 15 16 17 0 0 0 1
0 18 15 17 0 0 0 1
0 19 18 17 0 0 0 1
0 20 19 17 0 0 0 1
0 21 20 17 0 0 0 1
0 22 21 17 0 0 0 1
0 23 22 17 0 0 0 1
0 24 23 17 0 0 0 1
0 12 14 25 0 0 0 1
0 12 25 26 0 0 0 1
0 12 26 27 0 0 0 1
0 12 27 28 0 0 0 1
0 12 28 29 0 0 0 1
0 12 29 10 0 0 0 1
0 12 10 11 0 0 0 1
0 17 12 11 0 0 0 1
0 17 11 30 0 0 0 1
0 24 17 30 0 0 0 1
0 24 30 9 0 0 0 1
0 24 9 8 0 0 0 1
0 31 24 8 0 0 0 1
0 32 31 8 0 0 0 1
0 33 32 8 0 0 0 1
0 34 33 8 0 0 0 1
0 35 34 8 0 0 0 1
0 36 37 38 1 1 1 1
0 38 37 39 1 1 1 1
0 39 37 40 1 1 1 1
0 40 37 41 1 1 1 1
0 41 37 42 1 1 1 1
0 42 37 43 1 1 1 1
0 43 37 44 1 1 1 1
0 37 45 44 1 1 1 1
0 36 46 37 1 1 1 1
0 37 46 47 1 1 1 1
0 48 49 50 1 1 1 1
0 51 52 53 1 1 1 1
0 52 54 53 1 1 1 1
0 54 55 53 1 1 1 1
0 55 56 53 1 1 1 1
0 56 57 53 1 1 1 1
0 57 58 53 1 1 1 1
0 58 59 53 1 1 1 1
0 59 60 53 1 1 1 1
0 50 49 61 1 1 1 1
0 61 49 62 1 1 1 1
0 62 49 63 1 1 1 1
0 63 49 64 1 1 1 1
0 64 49 65 1 1 1 1
0 65 49 46 1 1 1 1
0 46 49 47 1 1 1 1
0 49 53 47 1 1 1 1
0 47 53 66 1 1 1 1
0 53 60 66 1 1 1 1
0 66 60 45 1 1 1 1
0 45 60 44 1 1 1 1
0 60 67 44 1 1 1 1
0 67 68 44 1 1 1 1
0 68 69 44 1 1 1 1
0 69 70 44 1 1 1 1
0 70 71 44 1 1 1 1

Materials: 2
"1 - Default"
1.000000 0.000000 0.000000 1.000000
1.000000 0.000000 0.000000 1.000000
1.000000 0.000000 0.000000 1.000000
0.000000 0.000000 0.000000 1.000000
13.000000
1.000000
"red sphere.png"
"redreflect sphere add.png"
"blackshine"
0.000000 0.000000 0.000000 1.000000
0.000000 0.000000 0.000000 1.000000
0.898039 0.898039 0.898039 1.000000
0.000000 0.000000 0.000000 1.000000
0.180000
1.000000
"black sphere.png"
"plastic sphere add.png"

Bones: 0
GroupComments: 0
MaterialComments: 0
BoneComments: 0
ModelComment: 0
