// MilkShape 3D ASCII

Frames: 30
Frame: 1

Meshes: 2
"Aminus-inner" 0 0
172
0 41.557243 -4.917366 1.760949 0.731250 0.486621 -1
0 61.230728 -4.917366 1.760949 0.737243 0.490883 -1
0 59.017731 -2.704383 5.069363 0.742709 0.472759 -1
0 41.557236 -2.704383 5.069363 0.739653 0.461449 -1
0 61.230728 4.919365 1.760949 0.762757 0.490883 -1
0 59.017731 2.706383 5.069363 0.757291 0.472759 -1
0 41.557243 4.919365 1.760949 0.768749 0.486621 -1
0 41.557236 2.706383 5.069363 0.760347 0.461449 -1
0 21.883759 4.919365 1.760949 0.785187 0.475074 -1
0 21.883759 -4.917366 1.760949 0.714813 0.475074 -1
0 24.096748 -2.704383 5.069363 0.732205 0.434408 -1
0 24.096748 2.706383 5.069363 0.767795 0.434408 -1
0 61.230728 -4.917366 -1.758903 0.737243 0.509117 -1
0 41.557243 -4.917366 -1.758903 0.731250 0.513379 -1
0 59.017731 -2.704383 -5.067367 0.742709 0.527241 -1
0 41.557236 -2.704383 -5.067367 0.739653 0.538551 -1
0 61.230728 4.919365 -1.758903 0.762757 0.509117 -1
0 59.017731 2.706383 -5.067367 0.757291 0.527241 -1
0 41.557243 4.919365 -1.758903 0.768749 0.513379 -1
0 41.557236 2.706383 -5.067367 0.760347 0.538551 -1
0 21.883759 -4.917366 -1.758903 0.714813 0.524926 -1
0 21.883759 4.919365 -1.758903 0.785187 0.524926 -1
0 24.096748 -2.704383 -5.067367 0.732205 0.565592 -1
0 24.096748 2.706383 -5.067367 0.767795 0.565592 -1
0 17.149231 16.277718 4.734999 0.870851 0.437097 -1
0 16.903328 18.580605 4.734999 0.882518 0.440702 -1
0 13.781762 17.916100 10.280068 0.895643 0.364138 -1
0 13.974755 16.108711 10.280068 0.886271 0.357024 -1
0 16.165596 20.859230 4.734999 0.895070 0.443498 -1
0 13.236760 19.599434 10.280068 0.905464 0.369488 -1
0 14.936051 23.113609 4.734999 0.908694 0.445771 -1
0 12.319657 21.280952 10.280068 0.916483 0.373960 -1
0 12.968877 25.344093 4.734999 0.924726 0.447548 -1
0 10.935300 22.850609 10.280068 0.928965 0.377296 -1
0 10.632936 26.682381 4.734999 0.939649 0.448003 -1
0 9.551547 23.643379 10.280068 0.938898 0.378025 -1
0 7.928244 27.128487 4.734999 0.954751 0.447172 -1
0 7.668206 23.954018 10.280068 0.950696 0.376499 -1
0 7.928244 27.128487 4.734999 -0.045249 0.447172 -1
0 -52.007736 27.128487 4.734999 0.173482 0.474366 -1
0 -51.774338 23.954018 10.280068 0.181037 0.443255 -1
0 7.668206 23.954018 10.280068 -0.049304 0.376499 -1
0 -42.758636 16.263390 4.734999 0.192159 0.467178 -1
0 -1.320859 16.263390 4.734999 0.012908 0.410112 -1
0 1.853617 19.437859 10.280068 -0.015124 0.345750 -1
0 -45.933113 19.437859 10.280068 0.186290 0.435306 -1
0 17.149231 -16.275719 4.734999 0.629149 0.437097 -1
0 13.974755 -16.087044 10.280068 0.613825 0.356937 -1
0 -1.320859 5.398278 4.734999 0.038227 0.275396 -1
0 1.853617 2.223809 10.280068 -0.110583 0.087346 -1
0 -1.320859 -5.466835 4.734999 0.462248 0.277321 -1
0 -1.320859 -27.126488 4.734999 0.492251 0.445070 -1
0 1.853617 -23.952019 10.280068 0.512285 0.371311 -1
0 1.853617 -2.292350 10.280068 0.608144 0.088909 -1
0 7.914189 -27.126488 4.734999 0.545173 0.447165 -1
0 7.681147 -23.952019 10.280068 0.549382 0.376517 -1
0 -51.993683 -27.126488 4.734999 0.326535 0.474361 -1
0 -42.758636 -27.126488 4.734999 0.339977 0.470329 -1
0 -45.933113 -23.952019 10.280068 0.326501 0.437651 -1
0 -51.749161 -23.952019 10.280068 0.318993 0.443232 -1
0 -42.758636 -5.466835 4.734999 0.270242 0.465183 -1
0 -45.933113 -2.292350 10.280068 0.257940 0.430008 -1
0 -54.794781 -26.692406 4.734999 0.322146 0.475327 -1
0 -53.756157 -23.640984 10.280068 0.315943 0.444844 -1
0 -57.165077 -25.390114 4.734999 0.316525 0.475956 -1
0 -55.160118 -22.869621 10.280068 0.312555 0.445739 -1
0 -59.104557 -23.219643 4.734999 0.309578 0.476315 -1
0 -56.494392 -21.376442 10.280068 0.307573 0.446347 -1
0 -60.284649 -21.061775 4.734999 0.303496 0.476446 -1
0 -57.347275 -19.816887 10.280068 0.302955 0.446583 -1
0 -60.992710 -18.783150 4.734999 0.297548 0.476432 -1
0 -57.865170 -18.150261 10.280068 0.298376 0.446557 -1
0 -61.228729 -16.383751 4.734999 0.291614 0.476270 -1
0 -58.054253 -16.228004 10.280068 0.293383 0.446239 -1
0 -61.228729 16.277718 4.734999 0.208648 0.476260 -1
0 -58.054253 16.089348 10.280068 0.206974 0.446206 -1
0 9.874078 -26.837181 4.734999 0.556104 0.447779 -1
0 8.977111 -23.760704 10.280068 0.557484 0.377599 -1
0 11.813344 -25.969231 4.734999 0.567939 0.447660 -1
0 10.188882 -23.218361 10.280068 0.565806 0.377405 -1
0 13.732007 -24.522652 4.734999 0.581236 0.446885 -1
0 11.517926 -22.216331 10.280068 0.576114 0.375942 -1
0 15.630467 -22.207527 4.734999 0.597601 0.445064 -1
0 12.877721 -20.558098 10.280068 0.589056 0.372424 -1
0 16.769539 -19.458549 4.734999 0.613200 0.441989 -1
0 13.669274 -18.647804 10.280068 0.600663 0.366842 -1
0 -42.758636 5.398278 4.734999 0.230017 0.465176 -1
0 -45.933113 2.223809 10.280068 0.242304 0.430003 -1
0 -60.849659 19.460548 4.734999 0.200739 0.476456 -1
0 -57.749161 18.651024 10.280068 0.200285 0.446592 -1
0 -59.712460 22.209541 4.734999 0.193330 0.476391 -1
0 -56.958614 20.562035 10.280068 0.194866 0.446480 -1
0 -57.817123 24.524651 4.734999 0.186155 0.476052 -1
0 -55.601341 22.219917 10.280068 0.189495 0.445884 -1
0 -55.901058 25.971230 4.734999 0.180783 0.475601 -1
0 -54.274944 23.221306 10.280068 0.185661 0.445126 -1
0 -53.964603 26.839180 4.734999 0.176550 0.475049 -1
0 -53.066437 23.762978 10.280068 0.182996 0.444303 -1
0 16.903328 18.580605 -4.719933 0.882518 0.559138 -1
0 17.149231 16.277718 -4.719933 0.870851 0.562734 -1
0 13.781762 17.916100 -10.278068 0.895643 0.635862 -1
0 13.974755 16.108711 -10.278068 0.886271 0.642976 -1
0 16.165596 20.859230 -4.719933 0.895070 0.556350 -1
0 13.236760 19.599434 -10.278068 0.905464 0.630512 -1
0 14.936051 23.113609 -4.719933 0.908694 0.554082 -1
0 12.319657 21.280952 -10.278068 0.916483 0.626040 -1
0 12.968877 25.344093 -4.719933 0.924726 0.552310 -1
0 10.935300 22.850609 -10.278068 0.928965 0.622704 -1
0 10.632936 26.682381 -4.719933 0.939649 0.551856 -1
0 9.551547 23.643379 -10.278068 0.938898 0.621975 -1
0 7.928244 27.128487 -4.719933 0.954751 0.552685 -1
0 7.668206 23.954018 -10.278068 0.950696 0.623501 -1
0 -52.007736 27.128487 -4.719933 0.173482 0.525563 -1
0 7.928244 27.128487 -4.719933 -0.045249 0.552685 -1
0 -51.774338 23.954018 -10.278068 0.181037 0.556745 -1
0 7.668206 23.954018 -10.278068 -0.049304 0.623501 -1
0 -1.320859 16.263390 -4.719933 0.012908 0.589653 -1
0 -42.758636 16.263390 -4.719933 0.192159 0.532732 -1
0 1.853617 19.437859 -10.278068 -0.015124 0.654250 -1
0 -45.933113 19.437859 -10.278068 0.186290 0.564694 -1
0 17.149231 -16.275719 -4.719933 0.629149 0.562734 -1
0 13.974755 -16.087044 -10.278068 0.613825 0.643063 -1
0 -1.320859 5.398278 -4.719933 0.038227 0.724170 -1
0 1.853617 2.223809 -10.278068 -0.110583 0.912654 -1
0 -1.320859 -27.126488 -4.719933 0.492251 0.554782 -1
0 -1.320859 -5.466835 -4.719933 0.462248 0.722246 -1
0 1.853617 -23.952019 -10.278068 0.512285 0.628689 -1
0 1.853617 -2.292350 -10.278068 0.608144 0.911091 -1
0 7.914189 -27.126488 -4.719933 0.545173 0.552692 -1
0 7.681147 -23.952019 -10.278068 0.549382 0.623483 -1
0 -42.758636 -27.126488 -4.719933 0.339977 0.529590 -1
0 -51.993683 -27.126488 -4.719933 0.326535 0.525568 -1
0 -45.933113 -23.952019 -10.278068 0.326501 0.562350 -1
0 -51.749161 -23.952019 -10.278068 0.318993 0.556768 -1
0 -42.758636 -5.466835 -4.719933 0.270242 0.534721 -1
0 -45.933113 -2.292350 -10.278068 0.257940 0.569992 -1
0 -54.794781 -26.692406 -4.719933 0.322146 0.524605 -1
0 -53.756157 -23.640984 -10.278068 0.315943 0.555156 -1
0 -57.165077 -25.390114 -4.719933 0.316525 0.523978 -1
0 -55.160118 -22.869621 -10.278068 0.312555 0.554261 -1
0 -59.104557 -23.219643 -4.719933 0.309578 0.523620 -1
0 -56.494392 -21.376442 -10.278068 0.307573 0.553653 -1
0 -60.284649 -21.061775 -4.719933 0.303496 0.523489 -1
0 -57.347275 -19.816887 -10.278068 0.302955 0.553417 -1
0 -60.992710 -18.783150 -4.719933 0.297548 0.523503 -1
0 -57.865170 -18.150261 -10.278068 0.298376 0.553443 -1
0 -61.228729 -16.383751 -4.719933 0.291614 0.523664 -1
0 -58.054253 -16.228004 -10.278068 0.293383 0.553761 -1
0 -61.228729 16.277718 -4.719933 0.208648 0.523675 -1
0 -58.054253 16.089348 -10.278068 0.206974 0.553794 -1
0 9.874078 -26.837181 -4.719933 0.556104 0.552079 -1
0 8.977111 -23.760704 -10.278068 0.557484 0.622401 -1
0 11.813344 -25.969231 -4.719933 0.567939 0.552198 -1
0 10.188882 -23.218361 -10.278068 0.565806 0.622595 -1
0 13.732007 -24.522652 -4.719933 0.581236 0.552972 -1
0 11.517926 -22.216331 -10.278068 0.576114 0.624058 -1
0 15.630467 -22.207527 -4.719933 0.597601 0.554787 -1
0 12.877721 -20.558098 -10.278068 0.589056 0.627576 -1
0 16.769539 -19.458549 -4.719933 0.613200 0.557854 -1
0 13.669274 -18.647804 -10.278068 0.600663 0.633158 -1
0 -42.758636 5.398278 -4.719933 0.230017 0.534728 -1
0 -45.933113 2.223809 -10.278068 0.242304 0.569997 -1
0 -60.849659 19.460548 -4.719933 0.200739 0.523479 -1
0 -57.749161 18.651024 -10.278068 0.200285 0.553408 -1
0 -59.712460 22.209541 -4.719933 0.193330 0.523544 -1
0 -56.958614 20.562035 -10.278068 0.194866 0.553520 -1
0 -57.817123 24.524651 -4.719933 0.186155 0.523882 -1
0 -55.601341 22.219917 -10.278068 0.189495 0.554116 -1
0 -55.901058 25.971230 -4.719933 0.180783 0.524331 -1
0 -54.274944 23.221306 -10.278068 0.185661 0.554874 -1
0 -53.964603 26.839180 -4.719933 0.176550 0.524882 -1
0 -53.066437 23.762978 -10.278068 0.182996 0.555697 -1
218
0.000000 -0.831194 0.555982
0.000000 -0.831194 0.555982
0.831193 0.000000 0.555984
0.000000 0.831194 0.555982
0.000000 0.831194 0.555982
-0.831194 0.000000 0.555983
-0.831194 0.000000 0.555983
0.000000 -0.831198 -0.555976
0.831197 0.000000 -0.555979
0.831196 0.000000 -0.555979
0.000000 0.831198 -0.555976
-0.831197 0.000000 -0.555977
0.000000 -1.000000 0.000000
1.000000 0.000000 0.000000
0.000000 1.000000 0.000000
-1.000000 0.000000 0.000000
0.865396 0.061488 0.497301
0.841085 0.209674 0.498611
0.853559 0.151075 0.498611
0.867033 0.030744 0.497301
0.785424 0.367195 0.498275
0.806737 0.317644 0.498274
0.690762 0.523388 0.498911
0.727924 0.470334 0.498911
0.509125 0.699623 0.501318
0.582940 0.639423 0.501318
0.240509 0.830662 0.502151
0.338273 0.795874 0.502152
0.141233 0.856279 0.496830
0.141234 0.856278 0.496830
0.000000 0.867848 0.496830
-0.084772 0.863181 0.497727
-0.042388 0.866298 0.497727
0.268351 -0.845917 0.460882
-0.473120 -0.781724 0.406282
-0.354671 -0.709342 0.609132
0.709342 -0.354671 0.609132
0.866833 -0.034307 0.497417
0.864794 -0.068614 0.497417
-0.268351 0.845917 0.460882
-0.709342 0.354671 0.609132
-0.845917 -0.268351 0.460882
-0.781724 -0.473120 0.406281
-0.709342 -0.354671 0.609132
-0.354671 -0.709341 0.609133
0.084643 -0.863195 0.497724
0.042323 -0.866302 0.497724
-0.044389 -0.866147 0.497814
0.845917 -0.268351 0.460882
0.354671 -0.709342 0.609132
-0.088779 -0.862728 0.497815
0.781724 -0.473119 0.406282
0.709342 -0.354671 0.609133
-0.230232 -0.833714 0.501911
-0.326199 -0.801049 0.501911
-0.499086 -0.706593 0.501637
-0.576236 -0.645223 0.501636
-0.688236 -0.526610 0.499012
-0.726501 -0.472422 0.499012
-0.786474 -0.364655 0.498483
-0.808993 -0.311520 0.498483
-0.843307 -0.200698 0.498551
-0.854989 -0.142975 0.498551
-0.865765 -0.056683 0.497231
-0.867155 -0.028341 0.497231
-0.866836 0.034252 0.497415
-0.864804 0.068503 0.497415
0.280356 -0.819409 0.499969
0.203947 -0.841687 0.499968
0.468466 -0.729105 0.498944
0.412251 -0.762302 0.498944
0.624485 -0.600690 0.499190
0.574712 -0.648471 0.499190
0.763691 -0.407846 0.500437
0.719817 -0.481068 0.500437
0.847049 -0.180401 0.499964
0.826925 -0.257354 0.499964
0.473120 0.781724 0.406282
0.354671 0.709342 0.609132
-0.847111 0.180130 0.499955
-0.827046 0.256981 0.499956
-0.763961 0.407346 0.500433
-0.720171 0.480543 0.500433
-0.624936 0.600217 0.499194
-0.575166 0.648066 0.499194
-0.468914 0.728816 0.498947
-0.412691 0.762062 0.498947
-0.280713 0.819282 0.499977
-0.204223 0.841616 0.499976
0.841576 0.209796 -0.497730
0.865899 0.061524 -0.496421
0.854058 0.151163 -0.497729
0.867537 0.030762 -0.496421
0.785882 0.367409 -0.497393
0.807208 0.317829 -0.497393
0.691166 0.523694 -0.498030
0.728350 0.470609 -0.498030
0.509426 0.700036 -0.500435
0.583284 0.639800 -0.500435
0.240652 0.831154 -0.501268
0.338473 0.796345 -0.501268
0.141315 0.856775 -0.495950
0.141316 0.856775 -0.495950
-0.084821 0.863684 -0.496846
0.000000 0.868351 -0.495950
-0.042412 0.866802 -0.496846
-0.588102 -0.632683 -0.503833
0.211037 -0.908137 -0.361595
-0.354980 -0.709961 -0.608230
0.709961 -0.354981 -0.608231
0.867337 -0.034327 -0.496536
0.865297 -0.068654 -0.496536
-0.211037 0.908137 -0.361595
-0.709961 0.354981 -0.608231
-0.966528 0.000000 -0.256563
-0.966528 0.000000 -0.256563
-0.868351 0.000000 -0.495950
0.084693 -0.863698 -0.496843
0.000000 -0.868351 -0.495950
0.042348 -0.866807 -0.496843
0.000000 -0.868351 -0.495950
-0.044414 -0.866652 -0.496933
-0.088831 -0.863230 -0.496934
0.966528 0.000000 -0.256563
0.966528 0.000000 -0.256563
0.868351 0.000000 -0.495950
-0.230368 -0.834207 -0.501028
-0.326393 -0.801523 -0.501028
-0.499381 -0.707011 -0.500754
-0.576577 -0.645605 -0.500753
-0.688638 -0.526919 -0.498131
-0.726926 -0.472699 -0.498131
-0.786934 -0.364868 -0.497601
-0.809466 -0.311702 -0.497601
-0.843800 -0.200815 -0.497669
-0.855488 -0.143058 -0.497669
-0.866268 -0.056716 -0.496350
-0.867659 -0.028358 -0.496350
-0.867340 0.034271 -0.496535
-0.865306 0.068543 -0.496535
0.280521 -0.819891 -0.499087
0.204067 -0.842182 -0.499086
0.468740 -0.729532 -0.498062
0.412492 -0.762748 -0.498063
0.624851 -0.601041 -0.498308
0.575049 -0.648851 -0.498308
0.764140 -0.408086 -0.499555
0.720240 -0.481351 -0.499555
0.847546 -0.180507 -0.499082
0.827411 -0.257506 -0.499082
0.000000 -0.868350 -0.495951
0.588102 0.632683 -0.503833
0.354980 0.709961 -0.608230
-0.847609 0.180236 -0.499073
-0.827532 0.257132 -0.499073
-0.764410 0.407586 -0.499550
-0.720594 0.480826 -0.499550
-0.625302 0.600568 -0.498312
-0.575503 0.648445 -0.498312
-0.469188 0.729242 -0.498065
-0.412932 0.762508 -0.498065
-0.280878 0.819764 -0.499094
-0.204343 0.842110 -0.499094
0.984695 0.174285 0.000000
0.999372 0.035437 0.000000
0.997485 0.070874 0.000000
0.970305 0.241886 0.000000
0.930472 0.366363 0.000000
0.905889 0.423515 0.000000
0.839925 0.542702 0.000000
0.797046 0.603919 0.000000
0.673713 0.738993 0.000000
0.588405 0.808566 0.000000
0.391165 0.920320 0.000000
0.278116 0.960548 0.000000
0.162739 0.986669 0.000000
-0.048868 0.998805 0.000000
-0.097735 0.995212 0.000000
0.996867 -0.079093 0.000000
0.999218 -0.039547 0.000000
0.048794 -0.998809 0.000000
0.097587 -0.995227 0.000000
-0.102362 -0.994747 0.000000
-0.051181 -0.998689 0.000000
-0.377143 -0.926155 0.000000
-0.266187 -0.963921 0.000000
-0.666110 -0.745854 0.000000
-0.576926 -0.816796 0.000000
-0.838340 -0.545148 0.000000
-0.794184 -0.607677 0.000000
-0.933203 -0.359350 0.000000
-0.907226 -0.420643 0.000000
-0.986305 -0.164933 0.000000
-0.972830 -0.231522 0.000000
-0.999466 -0.032666 0.000000
-0.997864 -0.065332 0.000000
-0.996877 0.078965 0.000000
-0.999220 0.039483 0.000000
0.235491 -0.971877 0.000000
0.323722 -0.946152 0.000000
0.475694 -0.879611 0.000000
0.540559 -0.841306 0.000000
0.663263 -0.748386 0.000000
0.720704 -0.693242 0.000000
0.831415 -0.555651 0.000000
0.882092 -0.471078 0.000000
0.954828 -0.297160 0.000000
0.978064 -0.208305 0.000000
-0.954962 0.296727 0.000000
-0.978131 0.207990 0.000000
-0.831821 0.555043 0.000000
-0.882401 0.470499 0.000000
-0.663789 0.747920 0.000000
-0.721227 0.692699 0.000000
-0.476202 0.879336 0.000000
-0.541076 0.840974 0.000000
-0.235810 0.971799 0.000000
-0.324134 0.946011 0.000000
252
0 0 1 2 0 0 0 2
0 2 3 0 0 1 0 2
0 1 4 5 2 2 2 3
0 5 2 1 2 2 2 3
0 4 6 7 3 3 3 2
0 7 5 4 3 4 3 2
0 8 9 10 5 5 5 2
0 10 11 8 5 6 5 2
0 9 0 3 0 0 0 4
0 3 10 9 0 0 0 4
0 6 8 11 3 3 3 3
0 11 7 6 3 3 3 3
0 12 13 14 7 7 7 2
0 15 14 13 7 7 7 2
0 16 12 17 8 8 8 3
0 14 17 12 9 8 8 3
0 18 16 19 10 10 10 2
0 17 19 16 10 10 10 2
0 20 21 22 11 11 11 2
0 23 22 21 11 11 11 2
0 13 20 15 7 7 7 4
0 22 15 20 7 7 7 4
0 21 18 23 10 10 10 3
0 19 23 18 10 10 10 3
0 13 12 1 12 12 12 1
0 1 0 13 12 12 12 1
0 12 16 4 13 13 13 4
0 4 1 12 13 13 13 4
0 16 18 6 14 14 14 1
0 6 4 16 14 14 14 1
0 21 20 9 15 15 15 1
0 9 8 21 15 15 15 1
0 20 13 0 12 12 12 6
0 0 9 20 12 12 12 6
0 18 21 8 14 14 14 4
0 8 6 18 14 14 14 4
0 24 25 26 16 17 18 1
0 26 27 24 18 19 16 1
0 25 28 29 17 20 21 1
0 29 26 25 21 18 17 1
0 28 30 31 20 22 23 1
0 31 29 28 23 21 20 1
0 30 32 33 22 24 25 1
0 33 31 30 25 23 22 1
0 32 34 35 24 26 27 1
0 35 33 32 27 25 24 1
0 34 36 37 26 28 29 1
0 37 35 34 29 27 26 1
0 38 39 40 30 31 32 1
0 40 41 38 32 30 30 1
0 42 43 44 33 34 35 1
0 44 45 42 35 36 33 1
0 46 24 27 37 16 19 1
0 27 47 46 19 38 37 1
0 43 48 49 34 39 40 1
0 49 44 43 40 35 34 1
0 50 51 52 41 42 43 1
0 52 53 50 43 44 41 1
0 51 54 55 42 45 46 1
0 55 52 51 46 43 42 1
0 56 57 58 47 48 49 1
0 58 59 56 49 50 47 1
0 57 60 61 48 51 52 1
0 61 58 57 52 49 48 1
0 62 56 59 53 47 50 1
0 59 63 62 50 54 53 1
0 64 62 63 55 53 54 1
0 63 65 64 54 56 55 1
0 66 64 65 57 55 56 1
0 65 67 66 56 58 57 1
0 68 66 67 59 57 58 1
0 67 69 68 58 60 59 1
0 70 68 69 61 59 60 1
0 69 71 70 60 62 61 1
0 72 70 71 63 61 62 1
0 71 73 72 62 64 63 1
0 74 72 73 65 63 64 1
0 73 75 74 64 66 65 1
0 54 76 77 45 67 68 1
0 77 55 54 68 46 45 1
0 76 78 79 67 69 70 1
0 79 77 76 70 68 67 1
0 78 80 81 69 71 72 1
0 81 79 78 72 70 69 1
0 80 82 83 71 73 74 1
0 83 81 80 74 72 71 1
0 82 84 85 73 75 76 1
0 85 83 82 76 74 73 1
0 84 46 47 75 37 38 1
0 47 85 84 38 76 75 1
0 60 50 53 51 41 44 1
0 53 61 60 44 52 51 1
0 48 86 87 39 77 78 1
0 87 49 48 78 40 39 1
0 86 42 45 77 33 36 1
0 45 87 86 36 78 77 1
0 88 74 75 79 65 66 1
0 75 89 88 66 80 79 1
0 90 88 89 81 79 80 1
0 89 91 90 80 82 81 1
0 92 90 91 83 81 82 1
0 91 93 92 82 84 83 1
0 94 92 93 85 83 84 1
0 93 95 94 84 86 85 1
0 96 94 95 87 85 86 1
0 95 97 96 86 88 87 1
0 39 96 97 31 87 88 1
0 97 40 39 88 32 31 1
0 98 99 100 89 90 91 2
0 101 100 99 92 91 90 2
0 102 98 103 93 89 94 2
0 100 103 98 91 94 89 2
0 104 102 105 95 93 96 2
0 103 105 102 94 96 93 2
0 106 104 107 97 95 98 2
0 105 107 104 96 98 95 2
0 108 106 109 99 97 100 2
0 107 109 106 98 100 97 2
0 110 108 111 101 99 102 2
0 109 111 108 100 102 99 2
0 112 113 114 103 104 105 2
0 115 114 113 104 105 104 2
0 116 117 118 106 107 108 1
0 119 118 117 109 108 107 1
0 99 120 101 90 110 92 2
0 121 101 120 111 92 110 2
0 122 116 123 112 106 113 1
0 118 123 116 108 113 106 1
0 124 125 126 114 115 116 1
0 127 126 125 116 116 115 1
0 128 124 129 117 118 119 2
0 126 129 124 120 119 118 2
0 130 131 132 118 121 118 2
0 133 132 131 122 118 121 2
0 134 130 135 123 124 125 1
0 132 135 130 125 125 124 1
0 131 136 133 121 126 122 2
0 137 133 136 127 122 126 2
0 136 138 137 126 128 127 2
0 139 137 138 129 127 128 2
0 138 140 139 128 130 129 2
0 141 139 140 131 129 130 2
0 140 142 141 130 132 131 2
0 143 141 142 133 131 132 2
0 142 144 143 132 134 133 2
0 145 143 144 135 133 134 2
0 144 146 145 134 136 135 2
0 147 145 146 137 135 136 2
0 146 148 147 136 138 137 2
0 149 147 148 139 137 138 2
0 150 128 151 140 117 141 2
0 129 151 128 119 141 117 2
0 152 150 153 142 140 143 2
0 151 153 150 141 143 140 2
0 154 152 155 144 142 145 2
0 153 155 152 143 145 142 2
0 156 154 157 146 144 147 2
0 155 157 154 145 147 144 2
0 158 156 159 148 146 149 2
0 157 159 156 147 149 146 2
0 120 158 121 110 148 111 2
0 159 121 158 149 111 148 2
0 125 134 127 150 150 150 2
0 135 127 134 150 150 150 2
0 160 122 161 151 112 152 1
0 123 161 122 113 152 112 1
0 117 160 119 107 151 109 1
0 161 119 160 152 109 151 1
0 148 162 149 138 153 139 2
0 163 149 162 154 139 153 2
0 162 164 163 153 155 154 2
0 165 163 164 156 154 155 2
0 164 166 165 155 157 156 2
0 167 165 166 158 156 157 2
0 166 168 167 157 159 158 2
0 169 167 168 160 158 159 2
0 168 170 169 159 161 160 2
0 171 169 170 162 160 161 2
0 170 112 171 161 103 162 2
0 114 171 112 105 162 103 2
0 25 24 99 163 164 165 4
0 99 98 25 165 166 163 4
0 28 25 98 167 163 166 4
0 98 102 28 166 168 167 4
0 30 28 102 169 167 168 4
0 102 104 30 168 170 169 4
0 32 30 104 171 169 170 4
0 104 106 32 170 172 171 4
0 34 32 106 173 171 172 4
0 106 108 34 172 174 173 4
0 36 34 108 175 173 174 4
0 108 110 36 174 175 175 4
0 39 38 113 176 14 14 4
0 113 112 39 14 177 176 4
0 43 42 117 34 33 107 1
0 117 116 43 107 106 34 1
0 24 46 120 164 178 179 4
0 120 99 24 179 165 164 4
0 48 43 116 15 15 15 4
0 116 122 48 15 15 15 4
0 51 50 125 42 41 115 1
0 125 124 51 115 114 42 1
0 54 51 124 180 12 12 4
0 124 128 54 12 181 180 4
0 57 56 131 12 182 183 4
0 131 130 57 183 12 12 4
0 60 57 130 51 48 124 1
0 130 134 60 124 123 51 1
0 56 62 136 182 184 185 4
0 136 131 56 185 183 182 4
0 62 64 138 184 186 187 4
0 138 136 62 187 185 184 4
0 64 66 140 186 188 189 4
0 140 138 64 189 187 186 4
0 66 68 142 188 190 191 4
0 142 140 66 191 189 188 4
0 68 70 144 190 192 193 4
0 144 142 68 193 191 190 4
0 70 72 146 192 194 195 4
0 146 144 70 195 193 192 4
0 72 74 148 194 196 197 4
0 148 146 72 197 195 194 4
0 76 54 128 198 180 181 4
0 128 150 76 181 199 198 4
0 78 76 150 200 198 199 4
0 150 152 78 199 201 200 4
0 80 78 152 202 200 201 4
0 152 154 80 201 203 202 4
0 82 80 154 204 202 203 4
0 154 156 82 203 205 204 4
0 84 82 156 206 204 205 4
0 156 158 84 205 207 206 4
0 46 84 158 178 206 207 4
0 158 120 46 207 179 178 4
0 50 60 134 12 12 12 4
0 134 125 50 12 12 12 4
0 86 48 122 77 39 112 1
0 122 160 86 112 151 77 1
0 42 86 160 13 13 13 4
0 160 117 42 13 13 13 4
0 74 88 162 196 208 209 4
0 162 148 74 209 197 196 4
0 88 90 164 208 210 211 4
0 164 162 88 211 209 208 4
0 90 92 166 210 212 213 4
0 166 164 90 213 211 210 4
0 92 94 168 212 214 215 4
0 168 166 92 215 213 212 4
0 94 96 170 214 216 217 4
0 170 168 94 217 215 214 4
0 96 39 112 216 176 177 4
0 112 170 96 177 217 216 4
"Aminus-outer" 0 1
84
0 1.853617 19.437859 10.280068 0.511707 0.094677 -1
0 13.974755 16.108711 10.280068 0.615139 0.164101 -1
0 13.781762 17.916100 10.280068 0.613492 0.126411 -1
0 13.236760 19.599434 10.280068 0.608841 0.091307 -1
0 12.319657 21.280952 10.280068 0.601016 0.056242 -1
0 10.935300 22.850609 10.280068 0.589203 0.023509 -1
0 9.551547 23.643379 10.280068 0.577395 0.006977 -1
0 7.668206 23.954018 10.280068 0.561324 0.000500 -1
0 -51.774338 23.954018 10.280068 0.054088 0.000499 -1
0 -45.933113 19.437859 10.280068 0.103932 0.094676 -1
0 13.974755 -16.087044 10.280068 0.615139 0.835489 -1
0 1.853617 2.223809 10.280068 0.511707 0.453647 -1
0 1.853617 -2.292350 10.280068 0.511707 0.547824 -1
0 1.853617 -23.952019 10.280068 0.511706 0.999500 -1
0 7.681147 -23.952019 10.280068 0.561434 0.999501 -1
0 -51.749161 -23.952019 10.280068 0.054302 0.999500 -1
0 -45.933113 -23.952019 10.280068 0.103932 0.999500 -1
0 -45.933113 -2.292350 10.280068 0.103932 0.547824 -1
0 -53.756157 -23.640984 10.280068 0.037176 0.993014 -1
0 -55.160118 -22.869621 10.280068 0.025196 0.976929 -1
0 -56.494392 -21.376442 10.280068 0.013810 0.945791 -1
0 -57.347275 -19.816887 10.280068 0.006532 0.913269 -1
0 -57.865170 -18.150261 10.280068 0.002113 0.878514 -1
0 -58.054253 -16.228004 10.280068 0.000500 0.838429 -1
0 -58.054253 16.089348 10.280068 0.000500 0.164504 -1
0 8.977111 -23.760704 10.280068 0.572493 0.995511 -1
0 10.188882 -23.218361 10.280068 0.582833 0.984201 -1
0 11.517926 -22.216331 10.280068 0.594174 0.963306 -1
0 12.877721 -20.558098 10.280068 0.605778 0.928726 -1
0 13.669274 -18.647804 10.280068 0.612532 0.888890 -1
0 -45.933113 2.223809 10.280068 0.103932 0.453647 -1
0 -57.749161 18.651024 10.280068 0.003103 0.111084 -1
0 -56.958614 20.562035 10.280068 0.009849 0.071233 -1
0 -55.601341 22.219917 10.280068 0.021431 0.036661 -1
0 -54.274944 23.221306 10.280068 0.032749 0.015779 -1
0 -53.066437 23.762978 10.280068 0.043062 0.004483 -1
0 13.974755 16.108711 -10.278068 0.384861 0.164101 -1
0 1.853617 19.437859 -10.278068 0.488293 0.094677 -1
0 13.781762 17.916100 -10.278068 0.386508 0.126411 -1
0 13.236760 19.599434 -10.278068 0.391159 0.091307 -1
0 12.319657 21.280952 -10.278068 0.398984 0.056242 -1
0 10.935300 22.850609 -10.278068 0.410797 0.023509 -1
0 9.551547 23.643379 -10.278068 0.422605 0.006977 -1
0 7.668206 23.954018 -10.278068 0.438676 0.000500 -1
0 -51.774338 23.954018 -10.278068 0.945912 0.000499 -1
0 -45.933113 19.437859 -10.278068 0.896068 0.094676 -1
0 13.974755 -16.087044 -10.278068 0.384861 0.835489 -1
0 1.853617 2.223809 -10.278068 0.488293 0.453647 -1
0 1.853617 -23.952019 -10.278068 0.488293 0.999500 -1
0 1.853617 -2.292350 -10.278068 0.488293 0.547824 -1
0 7.681147 -23.952019 -10.278068 0.438566 0.999501 -1
0 -45.933113 -23.952019 -10.278068 0.896068 0.999500 -1
0 -51.749161 -23.952019 -10.278068 0.945698 0.999500 -1
0 -45.933113 -2.292350 -10.278068 0.896068 0.547824 -1
0 -53.756157 -23.640984 -10.278068 0.962824 0.993014 -1
0 -55.160118 -22.869621 -10.278068 0.974804 0.976929 -1
0 -56.494392 -21.376442 -10.278068 0.986190 0.945791 -1
0 -57.347275 -19.816887 -10.278068 0.993468 0.913269 -1
0 -57.865170 -18.150261 -10.278068 0.997887 0.878514 -1
0 -58.054253 -16.228004 -10.278068 0.999500 0.838429 -1
0 -58.054253 16.089348 -10.278068 0.999500 0.164504 -1
0 8.977111 -23.760704 -10.278068 0.427507 0.995511 -1
0 10.188882 -23.218361 -10.278068 0.417167 0.984201 -1
0 11.517926 -22.216331 -10.278068 0.405826 0.963306 -1
0 12.877721 -20.558098 -10.278068 0.394222 0.928726 -1
0 13.669274 -18.647804 -10.278068 0.387468 0.888890 -1
0 -45.933113 2.223809 -10.278068 0.896068 0.453647 -1
0 -57.749161 18.651024 -10.278068 0.996897 0.111084 -1
0 -56.958614 20.562035 -10.278068 0.990151 0.071233 -1
0 -55.601341 22.219917 -10.278068 0.978569 0.036661 -1
0 -54.274944 23.221306 -10.278068 0.967251 0.015779 -1
0 -53.066437 23.762978 -10.278068 0.956938 0.004483 -1
0 41.557236 -2.704383 5.069363 0.850506 0.556417 -1
0 59.017731 -2.704383 5.069363 0.999500 0.556417 -1
0 59.017731 2.706383 5.069363 0.999500 0.443584 -1
0 41.557236 2.706383 5.069363 0.850506 0.443584 -1
0 24.096748 2.706383 5.069363 0.701512 0.443584 -1
0 24.096748 -2.704383 5.069363 0.701512 0.556416 -1
0 59.017731 -2.704383 -5.067367 0.000500 0.556417 -1
0 41.557236 -2.704383 -5.067367 0.149494 0.556417 -1
0 59.017731 2.706383 -5.067367 0.000500 0.443584 -1
0 41.557236 2.706383 -5.067367 0.149494 0.443584 -1
0 24.096748 -2.704383 -5.067367 0.298488 0.556416 -1
0 24.096748 2.706383 -5.067367 0.298488 0.443584 -1
2
0.000000 0.000000 1.000000
0.000000 0.000000 -1.000000
80
0 0 1 2 0 0 0 1
0 0 2 3 0 0 0 1
0 0 3 4 0 0 0 1
0 0 4 5 0 0 0 1
0 0 5 6 0 0 0 1
0 0 6 7 0 0 0 1
0 0 7 8 0 0 0 1
0 9 0 8 0 0 0 1
0 10 1 0 0 0 0 1
0 10 0 11 0 0 0 1
0 12 13 14 0 0 0 1
0 15 16 17 0 0 0 1
0 18 15 17 0 0 0 1
0 19 18 17 0 0 0 1
0 20 19 17 0 0 0 1
0 21 20 17 0 0 0 1
0 22 21 17 0 0 0 1
0 23 22 17 0 0 0 1
0 24 23 17 0 0 0 1
0 12 14 25 0 0 0 1
0 12 25 26 0 0 0 1
0 12 26 27 0 0 0 1
0 12 27 28 0 0 0 1
0 12 28 29 0 0 0 1
0 12 29 10 0 0 0 1
0 12 10 11 0 0 0 1
0 17 12 11 0 0 0 1
0 17 11 30 0 0 0 1
0 24 17 30 0 0 0 1
0 24 30 9 0 0 0 1
0 24 9 8 0 0 0 1
0 31 24 8 0 0 0 1
0 32 31 8 0 0 0 1
0 33 32 8 0 0 0 1
0 34 33 8 0 0 0 1
0 35 34 8 0 0 0 1
0 36 37 38 1 1 1 1
0 38 37 39 1 1 1 1
0 39 37 40 1 1 1 1
0 40 37 41 1 1 1 1
0 41 37 42 1 1 1 1
0 42 37 43 1 1 1 1
0 43 37 44 1 1 1 1
0 37 45 44 1 1 1 1
0 36 46 37 1 1 1 1
0 37 46 47 1 1 1 1
0 48 49 50 1 1 1 1
0 51 52 53 1 1 1 1
0 52 54 53 1 1 1 1
0 54 55 53 1 1 1 1
0 55 56 53 1 1 1 1
0 56 57 53 1 1 1 1
0 57 58 53 1 1 1 1
0 58 59 53 1 1 1 1
0 59 60 53 1 1 1 1
0 50 49 61 1 1 1 1
0 61 49 62 1 1 1 1
0 62 49 63 1 1 1 1
0 63 49 64 1 1 1 1
0 64 49 65 1 1 1 1
0 65 49 46 1 1 1 1
0 46 49 47 1 1 1 1
0 49 53 47 1 1 1 1
0 47 53 66 1 1 1 1
0 53 60 66 1 1 1 1
0 66 60 45 1 1 1 1
0 45 60 44 1 1 1 1
0 60 67 44 1 1 1 1
0 67 68 44 1 1 1 1
0 68 69 44 1 1 1 1
0 69 70 44 1 1 1 1
0 70 71 44 1 1 1 1
0 72 73 74 0 0 0 1
0 72 74 75 0 0 0 1
0 76 77 72 0 0 0 1
0 75 76 72 0 0 0 1
0 78 79 80 1 1 1 1
0 80 79 81 1 1 1 1
0 82 83 79 1 1 1 1
0 83 81 79 1 1 1 1

Materials: 2
"blackshine"
0.000000 0.000000 0.000000 1.000000
0.000000 0.000000 0.000000 1.000000
0.898039 0.898039 0.898039 1.000000
0.000000 0.000000 0.000000 1.000000
0.180000
1.000000
".\black sphere.png"
".\plastic sphere add.png"
"1 - Default"
0.717647 0.050980 0.000000 1.000000
0.717647 0.050980 0.000000 1.000000
0.898039 0.898039 0.898039 1.000000
0.000000 0.000000 0.000000 1.000000
0.100000
1.000000
".\red sphere.png"
".\redreflect sphere add.png"

Bones: 0
