// MilkShape 3D ASCII

Frames: 30
Frame: 1

Meshes: 2
"Aplus-inner" 0 0
196
0 46.475609 -4.917373 1.760949 0.733219 0.488019 -1
0 61.230736 -4.917373 1.760949 0.737243 0.490883 -1
0 59.017723 -2.704380 5.069363 0.742709 0.472759 -1
0 44.262627 -2.704380 5.069363 0.740284 0.463776 -1
0 61.230736 4.919373 1.760949 0.762757 0.490883 -1
0 59.017723 2.706376 5.069363 0.757291 0.472759 -1
0 46.475609 4.919373 1.760949 0.766781 0.488019 -1
0 44.262627 2.706376 5.069363 0.759716 0.463776 -1
0 36.638878 -19.672485 1.760949 0.671571 0.486537 -1
0 46.475609 -19.672485 1.760949 0.686267 0.488904 -1
0 44.262627 -17.459496 5.069363 0.690199 0.466221 -1
0 38.851860 -17.459496 5.069363 0.682777 0.462301 -1
0 36.638878 -4.917373 1.760949 0.728761 0.484857 -1
0 38.851860 -2.704380 5.069363 0.738935 0.458806 -1
0 21.883751 4.919373 1.760949 0.785187 0.475074 -1
0 21.883751 -4.917373 1.760949 0.714813 0.475074 -1
0 24.096733 -2.704380 5.069363 0.732205 0.434408 -1
0 24.096733 2.706376 5.069363 0.767795 0.434408 -1
0 36.638878 4.919373 1.760949 0.771238 0.484857 -1
0 38.851860 2.706376 5.069363 0.761065 0.458806 -1
0 36.638878 19.674484 1.760949 0.828429 0.486537 -1
0 38.851860 17.461491 5.069363 0.817223 0.462301 -1
0 46.475609 19.674484 1.760949 0.813733 0.488904 -1
0 44.262627 17.461491 5.069363 0.809801 0.466221 -1
0 61.230736 -4.917373 -1.758903 0.737243 0.509117 -1
0 46.475609 -4.917373 -1.758903 0.733219 0.511981 -1
0 59.017723 -2.704380 -5.067367 0.742709 0.527241 -1
0 44.262627 -2.704380 -5.067367 0.740284 0.536224 -1
0 61.230736 4.919369 -1.758903 0.762757 0.509117 -1
0 59.017723 2.706376 -5.067367 0.757291 0.527241 -1
0 46.475609 4.919369 -1.758903 0.766781 0.511981 -1
0 44.262627 2.706376 -5.067367 0.759716 0.536224 -1
0 46.475609 -19.672485 -1.758903 0.686267 0.511096 -1
0 36.638878 -19.672485 -1.758903 0.671571 0.513463 -1
0 44.262627 -17.459496 -5.067367 0.690199 0.533779 -1
0 38.851860 -17.459496 -5.067367 0.682777 0.537699 -1
0 36.638878 -4.917373 -1.758903 0.728761 0.515143 -1
0 38.851860 -2.704380 -5.067367 0.738935 0.541194 -1
0 21.883751 -4.917373 -1.758903 0.714813 0.524926 -1
0 21.883751 4.919369 -1.758903 0.785187 0.524926 -1
0 24.096733 -2.704380 -5.067367 0.732205 0.565592 -1
0 24.096733 2.706376 -5.067367 0.767795 0.565592 -1
0 36.638878 4.919369 -1.758903 0.771238 0.515143 -1
0 38.851860 2.706376 -5.067367 0.761065 0.541194 -1
0 36.638878 19.674480 -1.758903 0.828429 0.513463 -1
0 38.851860 17.461491 -5.067367 0.817223 0.537699 -1
0 46.475609 19.674480 -1.758903 0.813733 0.511096 -1
0 44.262627 17.461491 -5.067367 0.809801 0.533779 -1
0 17.149223 16.277718 4.734999 0.870851 0.437097 -1
0 16.903313 18.580597 4.734999 0.882518 0.440702 -1
0 13.781762 17.916092 10.280068 0.895643 0.364138 -1
0 13.974755 16.108711 10.280068 0.886272 0.357024 -1
0 16.165581 20.859230 4.734999 0.895070 0.443498 -1
0 13.236749 19.599442 10.280068 0.905464 0.369488 -1
0 14.936059 23.113602 4.734999 0.908695 0.445771 -1
0 12.319665 21.280945 10.280068 0.916484 0.373960 -1
0 12.968865 25.344101 4.734999 0.924726 0.447548 -1
0 10.935296 22.850616 10.280068 0.928965 0.377296 -1
0 10.632928 26.682386 4.734999 0.939650 0.448003 -1
0 9.551538 23.643387 10.280068 0.938898 0.378025 -1
0 7.928246 27.128492 4.734999 0.954751 0.447172 -1
0 7.668206 23.954018 10.280068 0.950696 0.376499 -1
0 7.928246 27.128492 4.734999 -0.045249 0.447172 -1
0 -52.007729 27.128492 4.734999 0.173482 0.474367 -1
0 -51.774330 23.954018 10.280068 0.181037 0.443255 -1
0 7.668206 23.954018 10.280068 -0.049304 0.376499 -1
0 -42.758644 16.263382 4.734999 0.192159 0.467178 -1
0 -1.320869 16.263382 4.734999 0.012908 0.410112 -1
0 1.853631 19.437859 10.280068 -0.015124 0.345750 -1
0 -45.933113 19.437859 10.280068 0.186290 0.435306 -1
0 17.149223 -16.275719 4.734999 0.629149 0.437097 -1
0 13.974755 -16.087036 10.280068 0.613825 0.356937 -1
0 -1.320869 5.398278 4.734999 0.038227 0.275396 -1
0 1.853631 2.223801 10.280068 -0.110582 0.087345 -1
0 -1.320869 -5.466827 4.734999 0.462248 0.277321 -1
0 -1.320869 -27.126495 4.734999 0.492251 0.445070 -1
0 1.853631 -23.952019 10.280068 0.512285 0.371311 -1
0 1.853631 -2.292354 10.280068 0.608143 0.088908 -1
0 7.914177 -27.126495 4.734999 0.545173 0.447165 -1
0 7.681145 -23.952019 10.280068 0.549382 0.376516 -1
0 -51.993690 -27.126495 4.734999 0.326535 0.474361 -1
0 -42.758644 -27.126495 4.734999 0.339977 0.470329 -1
0 -45.933113 -23.952019 10.280068 0.326501 0.437651 -1
0 -51.749153 -23.952019 10.280068 0.318993 0.443232 -1
0 -42.758644 -5.466827 4.734999 0.270242 0.465183 -1
0 -45.933113 -2.292354 10.280068 0.257940 0.430008 -1
0 -54.794777 -26.692398 4.734999 0.322146 0.475327 -1
0 -53.756172 -23.640984 10.280068 0.315943 0.444844 -1
0 -57.165077 -25.390114 4.734999 0.316525 0.475956 -1
0 -55.160103 -22.869621 10.280068 0.312554 0.445739 -1
0 -59.104561 -23.219643 4.734999 0.309578 0.476315 -1
0 -56.494392 -21.376442 10.280068 0.307573 0.446347 -1
0 -60.284645 -21.061783 4.734999 0.303496 0.476446 -1
0 -57.347267 -19.816895 10.280068 0.302955 0.446583 -1
0 -60.992714 -18.783150 4.734999 0.297548 0.476432 -1
0 -57.865181 -18.150261 10.280068 0.298376 0.446557 -1
0 -61.228737 -16.383751 4.734999 0.291614 0.476270 -1
0 -58.054268 -16.227997 10.280068 0.293383 0.446239 -1
0 -61.228737 16.277718 4.734999 0.208648 0.476260 -1
0 -58.054268 16.089348 10.280068 0.206974 0.446206 -1
0 9.874078 -26.837181 4.734999 0.556103 0.447779 -1
0 8.977105 -23.760712 10.280068 0.557484 0.377599 -1
0 11.813348 -25.969231 4.734999 0.567939 0.447660 -1
0 10.188897 -23.218361 10.280068 0.565806 0.377405 -1
0 13.732018 -24.522659 4.734999 0.581236 0.446885 -1
0 11.517938 -22.216331 10.280068 0.576114 0.375942 -1
0 15.630456 -22.207527 4.734999 0.597601 0.445064 -1
0 12.877709 -20.558090 10.280068 0.589055 0.372424 -1
0 16.769524 -19.458549 4.734999 0.613200 0.441989 -1
0 13.669274 -18.647804 10.280068 0.600663 0.366842 -1
0 -42.758644 5.398278 4.734999 0.230017 0.465176 -1
0 -45.933113 2.223801 10.280068 0.242304 0.430003 -1
0 -60.849648 19.460541 4.734999 0.200739 0.476456 -1
0 -57.749153 18.651031 10.280068 0.200285 0.446592 -1
0 -59.712471 22.209534 4.734999 0.193330 0.476391 -1
0 -56.958626 20.562042 10.280068 0.194866 0.446480 -1
0 -57.817116 24.524658 4.734999 0.186155 0.476052 -1
0 -55.601326 22.219925 10.280068 0.189495 0.445884 -1
0 -55.901070 25.971230 4.734999 0.180783 0.475601 -1
0 -54.274940 23.221313 10.280068 0.185661 0.445126 -1
0 -53.964607 26.839178 4.734999 0.176550 0.475049 -1
0 -53.066444 23.762985 10.280068 0.182996 0.444303 -1
0 16.903313 18.580597 -4.719933 0.882518 0.559138 -1
0 17.149223 16.277718 -4.719933 0.870851 0.562734 -1
0 13.781762 17.916092 -10.278068 0.895643 0.635862 -1
0 13.974755 16.108711 -10.278068 0.886272 0.642977 -1
0 16.165581 20.859230 -4.719933 0.895070 0.556350 -1
0 13.236749 19.599442 -10.278068 0.905464 0.630512 -1
0 14.936059 23.113602 -4.719933 0.908695 0.554082 -1
0 12.319665 21.280945 -10.278068 0.916484 0.626040 -1
0 12.968865 25.344101 -4.719933 0.924726 0.552310 -1
0 10.935296 22.850616 -10.278068 0.928965 0.622704 -1
0 10.632928 26.682386 -4.719933 0.939650 0.551856 -1
0 9.551538 23.643387 -10.278068 0.938898 0.621975 -1
0 7.928246 27.128492 -4.719933 0.954751 0.552685 -1
0 7.668206 23.954018 -10.278068 0.950696 0.623501 -1
0 -52.007729 27.128492 -4.719933 0.173482 0.525563 -1
0 7.928246 27.128492 -4.719933 -0.045249 0.552685 -1
0 -51.774330 23.954018 -10.278068 0.181037 0.556745 -1
0 7.668206 23.954018 -10.278068 -0.049304 0.623501 -1
0 -1.320869 16.263382 -4.719933 0.012908 0.589653 -1
0 -42.758644 16.263382 -4.719933 0.192159 0.532732 -1
0 1.853631 19.437859 -10.278068 -0.015124 0.654250 -1
0 -45.933113 19.437859 -10.278068 0.186290 0.564694 -1
0 17.149223 -16.275719 -4.719933 0.629149 0.562734 -1
0 13.974755 -16.087036 -10.278068 0.613825 0.643063 -1
0 -1.320869 5.398278 -4.719933 0.038227 0.724169 -1
0 1.853631 2.223801 -10.278068 -0.110582 0.912655 -1
0 -1.320869 -27.126495 -4.719933 0.492251 0.554782 -1
0 -1.320869 -5.466827 -4.719933 0.462248 0.722246 -1
0 1.853631 -23.952019 -10.278068 0.512285 0.628689 -1
0 1.853631 -2.292354 -10.278068 0.608143 0.911092 -1
0 7.914177 -27.126495 -4.719933 0.545173 0.552692 -1
0 7.681145 -23.952019 -10.278068 0.549382 0.623484 -1
0 -42.758644 -27.126495 -4.719933 0.339977 0.529590 -1
0 -51.993690 -27.126495 -4.719933 0.326535 0.525568 -1
0 -45.933113 -23.952019 -10.278068 0.326501 0.562349 -1
0 -51.749153 -23.952019 -10.278068 0.318993 0.556768 -1
0 -42.758644 -5.466827 -4.719933 0.270242 0.534721 -1
0 -45.933113 -2.292354 -10.278068 0.257940 0.569992 -1
0 -54.794777 -26.692398 -4.719933 0.322146 0.524605 -1
0 -53.756172 -23.640984 -10.278068 0.315943 0.555156 -1
0 -57.165077 -25.390114 -4.719933 0.316525 0.523978 -1
0 -55.160103 -22.869629 -10.278068 0.312554 0.554261 -1
0 -59.104561 -23.219643 -4.719933 0.309578 0.523620 -1
0 -56.494392 -21.376442 -10.278068 0.307573 0.553653 -1
0 -60.284645 -21.061783 -4.719933 0.303496 0.523489 -1
0 -57.347267 -19.816895 -10.278068 0.302955 0.553417 -1
0 -60.992714 -18.783150 -4.719933 0.297548 0.523503 -1
0 -57.865181 -18.150261 -10.278068 0.298376 0.553443 -1
0 -61.228737 -16.383751 -4.719933 0.291614 0.523664 -1
0 -58.054268 -16.227997 -10.278068 0.293383 0.553761 -1
0 -61.228737 16.277718 -4.719933 0.208648 0.523675 -1
0 -58.054268 16.089348 -10.278068 0.206974 0.553794 -1
0 9.874078 -26.837181 -4.719933 0.556103 0.552079 -1
0 8.977105 -23.760712 -10.278068 0.557484 0.622401 -1
0 11.813348 -25.969231 -4.719933 0.567939 0.552198 -1
0 10.188897 -23.218369 -10.278068 0.565806 0.622595 -1
0 13.732018 -24.522659 -4.719933 0.581236 0.552972 -1
0 11.517938 -22.216331 -10.278068 0.576114 0.624058 -1
0 15.630456 -22.207527 -4.719933 0.597601 0.554787 -1
0 12.877709 -20.558090 -10.278068 0.589055 0.627576 -1
0 16.769524 -19.458549 -4.719933 0.613200 0.557854 -1
0 13.669274 -18.647804 -10.278068 0.600663 0.633158 -1
0 -42.758644 5.398278 -4.719933 0.230017 0.534728 -1
0 -45.933113 2.223801 -10.278068 0.242304 0.569997 -1
0 -60.849648 19.460541 -4.719933 0.200739 0.523479 -1
0 -57.749153 18.651031 -10.278068 0.200285 0.553408 -1
0 -59.712471 22.209534 -4.719933 0.193330 0.523544 -1
0 -56.958626 20.562042 -10.278068 0.194866 0.553520 -1
0 -57.817116 24.524658 -4.719933 0.186155 0.523882 -1
0 -55.601326 22.219925 -10.278068 0.189495 0.554116 -1
0 -55.901070 25.971230 -4.719933 0.180783 0.524331 -1
0 -54.274940 23.221313 -10.278068 0.185661 0.554874 -1
0 -53.964607 26.839178 -4.719933 0.176550 0.524882 -1
0 -53.066444 23.762985 -10.278068 0.182996 0.555697 -1
226
0.000000 -0.831193 0.555984
0.000000 -0.831193 0.555984
0.831191 0.000000 0.555987
0.000000 0.831193 0.555984
0.000000 -0.831194 0.555983
0.000000 -0.831194 0.555983
0.831194 0.000000 0.555982
-0.831194 0.000000 0.555982
0.000000 0.831193 0.555984
0.000000 -0.831197 -0.555978
0.000000 -0.831197 -0.555978
0.831195 0.000000 -0.555981
0.000000 0.831197 -0.555978
0.000000 0.831197 -0.555978
0.000000 -0.831197 -0.555977
0.831198 0.000000 -0.555976
0.831198 0.000000 -0.555976
-0.831198 0.000000 -0.555976
-0.831198 0.000000 -0.555976
0.000000 0.831197 -0.555977
0.000000 -1.000000 0.000000
1.000000 0.000000 0.000000
0.000000 1.000000 -0.000001
-1.000000 0.000000 0.000000
0.865397 0.061490 0.497300
0.841085 0.209676 0.498609
0.853560 0.151077 0.498609
0.867033 0.030744 0.497300
0.785425 0.367192 0.498274
0.806738 0.317643 0.498273
0.690763 0.523387 0.498911
0.727926 0.470331 0.498911
0.509125 0.699623 0.501318
0.582939 0.639423 0.501318
0.240509 0.830662 0.502152
0.338272 0.795874 0.502152
0.141233 0.856278 0.496831
0.141233 0.856279 0.496830
0.000000 0.867848 0.496831
-0.084771 0.863181 0.497727
-0.042385 0.866297 0.497727
0.268351 -0.845917 0.460882
-0.473119 -0.781724 0.406283
-0.354670 -0.709342 0.609134
0.709342 -0.354671 0.609132
0.866833 -0.034308 0.497416
0.864794 -0.068615 0.497416
-0.268351 0.845917 0.460883
-0.709340 0.354671 0.609135
-0.845916 -0.268351 0.460884
-0.781724 -0.473120 0.406283
-0.709340 -0.354671 0.609135
-0.354670 -0.709342 0.609133
0.084643 -0.863195 0.497725
0.042322 -0.866302 0.497725
-0.044390 -0.866147 0.497815
0.845917 -0.268351 0.460882
0.354671 -0.709342 0.609132
-0.088780 -0.862727 0.497815
0.781725 -0.473120 0.406281
0.709342 -0.354671 0.609132
-0.230232 -0.833714 0.501910
-0.326201 -0.801048 0.501911
-0.499087 -0.706592 0.501637
-0.576237 -0.645222 0.501637
-0.688234 -0.526612 0.499013
-0.726501 -0.472423 0.499013
-0.786474 -0.364654 0.498483
-0.808992 -0.311523 0.498482
-0.843307 -0.200702 0.498550
-0.854988 -0.142978 0.498550
-0.865765 -0.056684 0.497230
-0.867156 -0.028342 0.497230
-0.866837 0.034253 0.497414
-0.864804 0.068507 0.497415
0.280356 -0.819409 0.499968
0.203946 -0.841688 0.499968
0.468465 -0.729106 0.498943
0.412251 -0.762302 0.498944
0.624487 -0.600686 0.499191
0.574714 -0.648470 0.499190
0.763691 -0.407846 0.500437
0.719818 -0.481065 0.500438
0.847049 -0.180402 0.499962
0.826925 -0.257356 0.499963
0.473120 0.781724 0.406281
0.354671 0.709342 0.609132
-0.847112 0.180132 0.499954
-0.827047 0.256979 0.499954
-0.763963 0.407343 0.500432
-0.720170 0.480543 0.500433
-0.624934 0.600219 0.499194
-0.575165 0.648066 0.499194
-0.468914 0.728815 0.498947
-0.412692 0.762061 0.498946
-0.280714 0.819283 0.499976
-0.204223 0.841616 0.499975
0.841577 0.209798 -0.497728
0.865900 0.061525 -0.496420
0.854059 0.151165 -0.497728
0.867537 0.030762 -0.496420
0.785884 0.367406 -0.497393
0.807209 0.317828 -0.497392
0.691167 0.523693 -0.498029
0.728352 0.470606 -0.498029
0.509426 0.700036 -0.500434
0.583283 0.639801 -0.500435
0.240651 0.831154 -0.501268
0.338472 0.796346 -0.501268
0.141315 0.856775 -0.495950
0.141314 0.856775 -0.495950
-0.084820 0.863684 -0.496846
0.000000 0.868351 -0.495950
-0.042410 0.866802 -0.496846
-0.588101 -0.632683 -0.503835
0.211037 -0.908137 -0.361595
-0.354980 -0.709960 -0.608232
0.709961 -0.354980 -0.608230
0.867337 -0.034328 -0.496536
0.865297 -0.068655 -0.496535
-0.211036 0.908137 -0.361596
-0.709959 0.354980 -0.608233
-0.966527 0.000000 -0.256564
-0.868349 0.000000 -0.495953
0.084692 -0.863698 -0.496844
0.000000 -0.868351 -0.495950
0.042346 -0.866806 -0.496844
-0.044416 -0.866651 -0.496934
-0.088832 -0.863230 -0.496934
0.966528 0.000000 -0.256563
0.868351 0.000000 -0.495950
0.868351 0.000000 -0.495950
-0.230369 -0.834208 -0.501027
-0.326393 -0.801523 -0.501027
-0.499381 -0.707011 -0.500753
-0.576577 -0.645604 -0.500753
-0.688637 -0.526919 -0.498131
-0.726926 -0.472699 -0.498131
-0.786933 -0.364867 -0.497602
-0.809465 -0.311705 -0.497601
-0.843799 -0.200819 -0.497669
-0.855488 -0.143062 -0.497669
-0.866268 -0.056717 -0.496349
-0.867660 -0.028358 -0.496349
-0.867341 0.034273 -0.496534
-0.865306 0.068547 -0.496534
0.280520 -0.819891 -0.499086
0.204064 -0.842182 -0.499086
0.468740 -0.729532 -0.498061
0.412492 -0.762748 -0.498062
0.624853 -0.601038 -0.498309
0.575051 -0.648849 -0.498308
0.764141 -0.408086 -0.499555
0.720242 -0.481348 -0.499555
0.847547 -0.180508 -0.499080
0.827411 -0.257507 -0.499081
0.000000 -0.868351 -0.495950
0.000000 -0.868351 -0.495950
0.588103 0.632683 -0.503833
0.354981 0.709961 -0.608231
-0.847609 0.180238 -0.499072
-0.827533 0.257130 -0.499072
-0.764413 0.407583 -0.499549
-0.720594 0.480826 -0.499550
-0.625301 0.600570 -0.498312
-0.575502 0.648446 -0.498312
-0.469189 0.729241 -0.498065
-0.412934 0.762507 -0.498065
-0.280879 0.819764 -0.499093
-0.204343 0.842110 -0.499093
0.984695 0.174287 0.000000
0.999372 0.035438 0.000000
0.997485 0.070876 0.000000
0.970304 0.241887 0.000000
0.930473 0.366360 0.000000
0.905891 0.423511 0.000000
0.839928 0.542699 0.000000
0.797046 0.603918 0.000000
0.673713 0.738993 0.000000
0.588405 0.808567 0.000000
0.391166 0.920320 0.000000
0.278116 0.960548 0.000000
0.162740 0.986669 0.000000
-0.048869 0.998805 0.000000
0.000000 1.000000 0.000000
-0.097737 0.995212 0.000000
0.996867 -0.079095 0.000000
0.999218 -0.039547 0.000000
0.048794 -0.998809 0.000000
0.097589 -0.995227 0.000000
-0.102366 -0.994747 0.000000
-0.051183 -0.998689 0.000000
-0.377143 -0.926155 0.000000
-0.266189 -0.963921 0.000000
-0.666108 -0.745855 0.000000
-0.576924 -0.816798 0.000000
-0.838340 -0.545147 0.000000
-0.794184 -0.607677 0.000000
-0.933203 -0.359351 0.000000
-0.907226 -0.420643 0.000000
-0.986304 -0.164935 0.000000
-0.972829 -0.231524 0.000000
-0.999466 -0.032667 0.000000
-0.997864 -0.065333 0.000000
-0.996877 0.078969 0.000000
-0.999220 0.039485 0.000000
0.235492 -0.971876 0.000000
0.323722 -0.946152 0.000000
0.475692 -0.879612 0.000000
0.540556 -0.841308 0.000000
0.663263 -0.748386 0.000000
0.720707 -0.693240 0.000000
0.831418 -0.555647 0.000000
0.882093 -0.471075 0.000000
0.954828 -0.297160 0.000000
0.978064 -0.208306 0.000000
-0.954963 0.296724 0.000000
-0.978131 0.207992 0.000000
-0.831822 0.555042 0.000000
-0.882403 0.470495 0.000000
-0.663789 0.747920 0.000000
-0.721226 0.692699 0.000000
-0.476201 0.879336 0.000000
-0.541077 0.840973 0.000000
-0.235811 0.971799 0.000000
-0.324134 0.946011 0.000000
288
0 0 1 2 0 0 0 2
0 2 3 0 0 1 0 2
0 1 4 5 2 2 2 3
0 5 2 1 2 2 2 3
0 4 6 7 3 3 3 2
0 7 5 4 3 3 3 2
0 8 9 10 4 4 4 2
0 10 11 8 4 5 4 2
0 9 0 3 6 6 6 3
0 3 10 9 6 6 6 3
0 12 8 11 7 7 7 3
0 11 13 12 7 7 7 3
0 14 15 16 7 7 7 2
0 16 17 14 7 7 7 2
0 15 12 13 0 0 0 4
0 13 16 15 0 0 0 4
0 18 14 17 3 3 3 3
0 17 19 18 3 3 3 3
0 20 18 19 7 7 7 2
0 19 21 20 7 7 7 2
0 22 20 21 8 8 8 3
0 21 23 22 8 8 8 3
0 6 22 23 6 6 6 4
0 23 7 6 6 6 6 4
0 24 25 26 9 9 9 2
0 27 26 25 10 9 9 2
0 28 24 29 11 11 11 3
0 26 29 24 11 11 11 3
0 30 28 31 12 12 12 2
0 29 31 28 13 12 12 2
0 32 33 34 14 14 14 2
0 35 34 33 14 14 14 2
0 25 32 27 15 16 16 3
0 34 27 32 16 16 16 3
0 33 36 35 17 18 18 3
0 37 35 36 18 18 18 3
0 38 39 40 17 17 17 2
0 41 40 39 17 17 17 2
0 36 38 37 9 9 9 4
0 40 37 38 9 9 9 4
0 39 42 41 12 12 12 3
0 43 41 42 12 12 12 3
0 42 44 43 17 18 18 2
0 45 43 44 18 18 18 2
0 44 46 45 19 19 19 3
0 47 45 46 19 19 19 3
0 46 30 47 15 16 16 4
0 31 47 30 16 16 16 4
0 25 24 1 20 20 20 1
0 1 0 25 20 20 20 1
0 24 28 4 21 21 21 4
0 4 1 24 21 21 21 4
0 28 30 6 22 22 22 1
0 6 4 28 22 22 22 1
0 33 32 9 20 20 20 1
0 9 8 33 20 20 20 1
0 32 25 0 21 21 21 4
0 0 9 32 21 21 21 4
0 36 33 8 23 23 23 5
0 8 12 36 23 23 23 5
0 39 38 15 23 23 23 1
0 15 14 39 23 23 23 1
0 38 36 12 20 20 20 6
0 12 15 38 20 20 20 6
0 42 39 14 22 22 22 4
0 14 18 42 22 22 22 4
0 44 42 18 23 23 23 1
0 18 20 44 23 23 23 1
0 46 44 20 22 22 22 5
0 20 22 46 22 22 22 5
0 30 46 22 21 21 21 6
0 22 6 30 21 21 21 6
0 48 49 50 24 25 26 1
0 50 51 48 26 27 24 1
0 49 52 53 25 28 29 1
0 53 50 49 29 26 25 1
0 52 54 55 28 30 31 1
0 55 53 52 31 29 28 1
0 54 56 57 30 32 33 1
0 57 55 54 33 31 30 1
0 56 58 59 32 34 35 1
0 59 57 56 35 33 32 1
0 58 60 61 34 36 37 1
0 61 59 58 37 35 34 1
0 62 63 64 38 39 40 1
0 64 65 62 40 38 38 1
0 66 67 68 41 42 43 1
0 68 69 66 43 44 41 1
0 70 48 51 45 24 27 1
0 51 71 70 27 46 45 1
0 67 72 73 42 47 48 1
0 73 68 67 48 43 42 1
0 74 75 76 49 50 51 1
0 76 77 74 51 52 49 1
0 75 78 79 50 53 54 1
0 79 76 75 54 51 50 1
0 80 81 82 55 56 57 1
0 82 83 80 57 58 55 1
0 81 84 85 56 59 60 1
0 85 82 81 60 57 56 1
0 86 80 83 61 55 58 1
0 83 87 86 58 62 61 1
0 88 86 87 63 61 62 1
0 87 89 88 62 64 63 1
0 90 88 89 65 63 64 1
0 89 91 90 64 66 65 1
0 92 90 91 67 65 66 1
0 91 93 92 66 68 67 1
0 94 92 93 69 67 68 1
0 93 95 94 68 70 69 1
0 96 94 95 71 69 70 1
0 95 97 96 70 72 71 1
0 98 96 97 73 71 72 1
0 97 99 98 72 74 73 1
0 78 100 101 53 75 76 1
0 101 79 78 76 54 53 1
0 100 102 103 75 77 78 1
0 103 101 100 78 76 75 1
0 102 104 105 77 79 80 1
0 105 103 102 80 78 77 1
0 104 106 107 79 81 82 1
0 107 105 104 82 80 79 1
0 106 108 109 81 83 84 1
0 109 107 106 84 82 81 1
0 108 70 71 83 45 46 1
0 71 109 108 46 84 83 1
0 84 74 77 59 49 52 1
0 77 85 84 52 60 59 1
0 72 110 111 47 85 86 1
0 111 73 72 86 48 47 1
0 110 66 69 85 41 44 1
0 69 111 110 44 86 85 1
0 112 98 99 87 73 74 1
0 99 113 112 74 88 87 1
0 114 112 113 89 87 88 1
0 113 115 114 88 90 89 1
0 116 114 115 91 89 90 1
0 115 117 116 90 92 91 1
0 118 116 117 93 91 92 1
0 117 119 118 92 94 93 1
0 120 118 119 95 93 94 1
0 119 121 120 94 96 95 1
0 63 120 121 39 95 96 1
0 121 64 63 96 40 39 1
0 122 123 124 97 98 99 2
0 125 124 123 100 99 98 2
0 126 122 127 101 97 102 2
0 124 127 122 99 102 97 2
0 128 126 129 103 101 104 2
0 127 129 126 102 104 101 2
0 130 128 131 105 103 106 2
0 129 131 128 104 106 103 2
0 132 130 133 107 105 108 2
0 131 133 130 106 108 105 2
0 134 132 135 109 107 110 2
0 133 135 132 108 110 107 2
0 136 137 138 111 112 113 2
0 139 138 137 112 113 112 2
0 140 141 142 114 115 116 1
0 143 142 141 117 116 115 1
0 123 144 125 98 118 100 2
0 145 125 144 119 100 118 2
0 146 140 147 120 114 121 1
0 142 147 140 116 121 114 1
0 148 149 150 122 122 123 1
0 151 150 149 123 123 122 1
0 152 148 153 124 125 126 2
0 150 153 148 125 126 125 2
0 154 155 156 125 127 125 2
0 157 156 155 128 125 127 2
0 158 154 159 129 129 130 1
0 156 159 154 131 130 129 1
0 155 160 157 127 132 128 2
0 161 157 160 133 128 132 2
0 160 162 161 132 134 133 2
0 163 161 162 135 133 134 2
0 162 164 163 134 136 135 2
0 165 163 164 137 135 136 2
0 164 166 165 136 138 137 2
0 167 165 166 139 137 138 2
0 166 168 167 138 140 139 2
0 169 167 168 141 139 140 2
0 168 170 169 140 142 141 2
0 171 169 170 143 141 142 2
0 170 172 171 142 144 143 2
0 173 171 172 145 143 144 2
0 174 152 175 146 124 147 2
0 153 175 152 126 147 124 2
0 176 174 177 148 146 149 2
0 175 177 174 147 149 146 2
0 178 176 179 150 148 151 2
0 177 179 176 149 151 148 2
0 180 178 181 152 150 153 2
0 179 181 178 151 153 150 2
0 182 180 183 154 152 155 2
0 181 183 180 153 155 152 2
0 144 182 145 118 154 119 2
0 183 145 182 155 119 154 2
0 149 158 151 156 156 156 2
0 159 151 158 157 156 156 2
0 184 146 185 158 120 159 1
0 147 185 146 121 159 120 1
0 141 184 143 115 158 117 1
0 185 143 184 159 117 158 1
0 172 186 173 144 160 145 2
0 187 173 186 161 145 160 2
0 186 188 187 160 162 161 2
0 189 187 188 163 161 162 2
0 188 190 189 162 164 163 2
0 191 189 190 165 163 164 2
0 190 192 191 164 166 165 2
0 193 191 192 167 165 166 2
0 192 194 193 166 168 167 2
0 195 193 194 169 167 168 2
0 194 136 195 168 111 169 2
0 138 195 136 113 169 111 2
0 49 48 123 170 171 172 4
0 123 122 49 172 173 170 4
0 52 49 122 174 170 173 4
0 122 126 52 173 175 174 4
0 54 52 126 176 174 175 4
0 126 128 54 175 177 176 4
0 56 54 128 178 176 177 4
0 128 130 56 177 179 178 4
0 58 56 130 180 178 179 4
0 130 132 58 179 181 180 4
0 60 58 132 182 180 181 4
0 132 134 60 181 182 182 4
0 63 62 137 183 184 184 4
0 137 136 63 184 185 183 4
0 67 66 141 42 41 115 1
0 141 140 67 115 114 42 1
0 48 70 144 171 186 187 4
0 144 123 48 187 172 171 4
0 72 67 140 23 23 23 4
0 140 146 72 23 23 23 4
0 75 74 149 50 49 122 1
0 149 148 75 122 122 50 1
0 78 75 148 188 20 20 4
0 148 152 78 20 189 188 4
0 81 80 155 20 190 191 4
0 155 154 81 191 20 20 4
0 84 81 154 59 56 129 1
0 154 158 84 129 129 59 1
0 80 86 160 190 192 193 4
0 160 155 80 193 191 190 4
0 86 88 162 192 194 195 4
0 162 160 86 195 193 192 4
0 88 90 164 194 196 197 4
0 164 162 88 197 195 194 4
0 90 92 166 196 198 199 4
0 166 164 90 199 197 196 4
0 92 94 168 198 200 201 4
0 168 166 92 201 199 198 4
0 94 96 170 200 202 203 4
0 170 168 94 203 201 200 4
0 96 98 172 202 204 205 4
0 172 170 96 205 203 202 4
0 100 78 152 206 188 189 4
0 152 174 100 189 207 206 4
0 102 100 174 208 206 207 4
0 174 176 102 207 209 208 4
0 104 102 176 210 208 209 4
0 176 178 104 209 211 210 4
0 106 104 178 212 210 211 4
0 178 180 106 211 213 212 4
0 108 106 180 214 212 213 4
0 180 182 108 213 215 214 4
0 70 108 182 186 214 215 4
0 182 144 70 215 187 186 4
0 74 84 158 20 20 20 4
0 158 149 74 20 20 20 4
0 110 72 146 85 47 120 1
0 146 184 110 120 158 85 1
0 66 110 184 21 21 21 4
0 184 141 66 21 21 21 4
0 98 112 186 204 216 217 4
0 186 172 98 217 205 204 4
0 112 114 188 216 218 219 4
0 188 186 112 219 217 216 4
0 114 116 190 218 220 221 4
0 190 188 114 221 219 218 4
0 116 118 192 220 222 223 4
0 192 190 116 223 221 220 4
0 118 120 194 222 224 225 4
0 194 192 118 225 223 222 4
0 120 63 136 224 183 185 4
0 136 194 120 185 225 224 4
"Aplus-outer" 0 1
102
0 1.853631 19.437859 10.280068 0.984876 0.345750 -1
0 13.974755 16.108711 10.280068 0.886272 0.357024 -1
0 13.781762 17.916092 10.280068 0.895643 0.364138 -1
0 13.236749 19.599442 10.280068 0.905464 0.369488 -1
0 12.319665 21.280945 10.280068 0.916484 0.373960 -1
0 10.935296 22.850616 10.280068 0.928965 0.377296 -1
0 9.551538 23.643387 10.280068 0.938898 0.378025 -1
0 7.668206 23.954018 10.280068 0.950696 0.376499 -1
0 1.853631 19.437859 10.280068 -0.015124 0.345750 -1
0 7.668206 23.954018 10.280068 -0.049304 0.376499 -1
0 -51.774330 23.954018 10.280068 0.181037 0.443255 -1
0 -45.933113 19.437859 10.280068 0.186290 0.435306 -1
0 13.974755 -16.087036 10.280068 0.613825 0.356937 -1
0 1.853631 2.223801 10.280068 0.889418 0.087345 -1
0 1.853631 -2.292354 10.280068 0.608143 0.088908 -1
0 1.853631 -23.952019 10.280068 0.512285 0.371311 -1
0 7.681145 -23.952019 10.280068 0.549382 0.376516 -1
0 -51.749153 -23.952019 10.280068 0.318993 0.443232 -1
0 -45.933113 -23.952019 10.280068 0.326501 0.437651 -1
0 -45.933113 -2.292354 10.280068 0.257940 0.430008 -1
0 -53.756172 -23.640984 10.280068 0.315943 0.444844 -1
0 -55.160103 -22.869621 10.280068 0.312554 0.445739 -1
0 -56.494392 -21.376442 10.280068 0.307573 0.446347 -1
0 -57.347267 -19.816895 10.280068 0.302955 0.446583 -1
0 -57.865181 -18.150261 10.280068 0.298376 0.446557 -1
0 -58.054268 -16.227997 10.280068 0.293383 0.446239 -1
0 -58.054268 16.089348 10.280068 0.206974 0.446206 -1
0 8.977105 -23.760712 10.280068 0.557484 0.377599 -1
0 10.188897 -23.218361 10.280068 0.565806 0.377405 -1
0 11.517938 -22.216331 10.280068 0.576114 0.375942 -1
0 12.877709 -20.558090 10.280068 0.589055 0.372424 -1
0 13.669274 -18.647804 10.280068 0.600663 0.366842 -1
0 1.853631 2.223801 10.280068 -0.110582 0.087345 -1
0 -45.933113 2.223801 10.280068 0.242304 0.430003 -1
0 -57.749153 18.651031 10.280068 0.200285 0.446592 -1
0 -56.958626 20.562042 10.280068 0.194866 0.446480 -1
0 -55.601326 22.219925 10.280068 0.189495 0.445884 -1
0 -54.274940 23.221313 10.280068 0.185661 0.445126 -1
0 -53.066444 23.762985 10.280068 0.182996 0.444303 -1
0 13.974755 16.108711 -10.278068 0.886272 0.642977 -1
0 1.853631 19.437859 -10.278068 0.984876 0.654250 -1
0 13.781762 17.916092 -10.278068 0.895643 0.635862 -1
0 13.236749 19.599442 -10.278068 0.905464 0.630512 -1
0 12.319665 21.280945 -10.278068 0.916484 0.626040 -1
0 10.935296 22.850616 -10.278068 0.928965 0.622704 -1
0 9.551538 23.643387 -10.278068 0.938898 0.621975 -1
0 7.668206 23.954018 -10.278068 0.950696 0.623501 -1
0 7.668206 23.954018 -10.278068 -0.049304 0.623501 -1
0 1.853631 19.437859 -10.278068 -0.015124 0.654250 -1
0 -51.774330 23.954018 -10.278068 0.181037 0.556745 -1
0 -45.933113 19.437859 -10.278068 0.186290 0.564694 -1
0 13.974755 -16.087036 -10.278068 0.613825 0.643063 -1
0 1.853631 2.223801 -10.278068 0.889418 0.912655 -1
0 1.853631 -23.952019 -10.278068 0.512285 0.628689 -1
0 1.853631 -2.292354 -10.278068 0.608143 0.911092 -1
0 7.681145 -23.952019 -10.278068 0.549382 0.623484 -1
0 -45.933113 -23.952019 -10.278068 0.326501 0.562349 -1
0 -51.749153 -23.952019 -10.278068 0.318993 0.556768 -1
0 -45.933113 -2.292354 -10.278068 0.257940 0.569992 -1
0 -53.756172 -23.640984 -10.278068 0.315943 0.555156 -1
0 -55.160103 -22.869629 -10.278068 0.312554 0.554261 -1
0 -56.494392 -21.376442 -10.278068 0.307573 0.553653 -1
0 -57.347267 -19.816895 -10.278068 0.302955 0.553417 -1
0 -57.865181 -18.150261 -10.278068 0.298376 0.553443 -1
0 -58.054268 -16.227997 -10.278068 0.293383 0.553761 -1
0 -58.054268 16.089348 -10.278068 0.206974 0.553794 -1
0 8.977105 -23.760712 -10.278068 0.557484 0.622401 -1
0 10.188897 -23.218369 -10.278068 0.565806 0.622595 -1
0 11.517938 -22.216331 -10.278068 0.576114 0.624058 -1
0 12.877709 -20.558090 -10.278068 0.589055 0.627576 -1
0 13.669274 -18.647804 -10.278068 0.600663 0.633158 -1
0 1.853631 2.223801 -10.278068 -0.110582 0.912655 -1
0 -45.933113 2.223801 -10.278068 0.242304 0.569997 -1
0 -57.749153 18.651031 -10.278068 0.200285 0.553408 -1
0 -56.958626 20.562042 -10.278068 0.194866 0.553520 -1
0 -55.601326 22.219925 -10.278068 0.189495 0.554116 -1
0 -54.274940 23.221313 -10.278068 0.185661 0.554874 -1
0 -53.066444 23.762985 -10.278068 0.182996 0.555697 -1
0 44.262627 -2.704380 5.069363 0.740284 0.463776 -1
0 59.017723 -2.704380 5.069363 0.742709 0.472759 -1
0 59.017723 2.706376 5.069363 0.757291 0.472759 -1
0 44.262627 2.706376 5.069363 0.759716 0.463776 -1
0 38.851860 -17.459496 5.069363 0.682777 0.462301 -1
0 44.262627 -17.459496 5.069363 0.690199 0.466221 -1
0 38.851860 -2.704380 5.069363 0.738935 0.458806 -1
0 24.096733 2.706376 5.069363 0.767795 0.434408 -1
0 24.096733 -2.704380 5.069363 0.732205 0.434408 -1
0 38.851860 2.706376 5.069363 0.761065 0.458806 -1
0 38.851860 17.461491 5.069363 0.817223 0.462301 -1
0 44.262627 17.461491 5.069363 0.809801 0.466221 -1
0 59.017723 -2.704380 -5.067367 0.742709 0.527241 -1
0 44.262627 -2.704380 -5.067367 0.740284 0.536224 -1
0 59.017723 2.706376 -5.067367 0.757291 0.527241 -1
0 44.262627 2.706376 -5.067367 0.759716 0.536224 -1
0 44.262627 -17.459496 -5.067367 0.690199 0.533779 -1
0 38.851860 -17.459496 -5.067367 0.682777 0.537699 -1
0 38.851860 -2.704380 -5.067367 0.738935 0.541194 -1
0 24.096733 -2.704380 -5.067367 0.732205 0.565592 -1
0 24.096733 2.706376 -5.067367 0.767795 0.565592 -1
0 38.851860 2.706376 -5.067367 0.761065 0.541194 -1
0 38.851860 17.461491 -5.067367 0.817223 0.537699 -1
0 44.262627 17.461491 -5.067367 0.809801 0.533779 -1
2
0.000000 0.000000 1.000000
0.000000 0.000000 -1.000000
92
0 0 1 2 0 0 0 1
0 0 2 3 0 0 0 1
0 0 3 4 0 0 0 1
0 0 4 5 0 0 0 1
0 0 5 6 0 0 0 1
0 0 6 7 0 0 0 1
0 8 9 10 0 0 0 1
0 11 8 10 0 0 0 1
0 12 1 0 0 0 0 1
0 12 0 13 0 0 0 1
0 14 15 16 0 0 0 1
0 17 18 19 0 0 0 1
0 20 17 19 0 0 0 1
0 21 20 19 0 0 0 1
0 22 21 19 0 0 0 1
0 23 22 19 0 0 0 1
0 24 23 19 0 0 0 1
0 25 24 19 0 0 0 1
0 26 25 19 0 0 0 1
0 14 16 27 0 0 0 1
0 14 27 28 0 0 0 1
0 14 28 29 0 0 0 1
0 14 29 30 0 0 0 1
0 14 30 31 0 0 0 1
0 14 31 12 0 0 0 1
0 14 12 13 0 0 0 1
0 19 14 32 0 0 0 1
0 19 32 33 0 0 0 1
0 26 19 33 0 0 0 1
0 26 33 11 0 0 0 1
0 26 11 10 0 0 0 1
0 34 26 10 0 0 0 1
0 35 34 10 0 0 0 1
0 36 35 10 0 0 0 1
0 37 36 10 0 0 0 1
0 38 37 10 0 0 0 1
0 39 40 41 1 1 1 1
0 41 40 42 1 1 1 1
0 42 40 43 1 1 1 1
0 43 40 44 1 1 1 1
0 44 40 45 1 1 1 1
0 45 40 46 1 1 1 1
0 47 48 49 1 1 1 1
0 48 50 49 1 1 1 1
0 39 51 40 1 1 1 1
0 40 51 52 1 1 1 1
0 53 54 55 1 1 1 1
0 56 57 58 1 1 1 1
0 57 59 58 1 1 1 1
0 59 60 58 1 1 1 1
0 60 61 58 1 1 1 1
0 61 62 58 1 1 1 1
0 62 63 58 1 1 1 1
0 63 64 58 1 1 1 1
0 64 65 58 1 1 1 1
0 55 54 66 1 1 1 1
0 66 54 67 1 1 1 1
0 67 54 68 1 1 1 1
0 68 54 69 1 1 1 1
0 69 54 70 1 1 1 1
0 70 54 51 1 1 1 1
0 51 54 52 1 1 1 1
0 54 58 71 1 1 1 1
0 71 58 72 1 1 1 1
0 58 65 72 1 1 1 1
0 72 65 50 1 1 1 1
0 50 65 49 1 1 1 1
0 65 73 49 1 1 1 1
0 73 74 49 1 1 1 1
0 74 75 49 1 1 1 1
0 75 76 49 1 1 1 1
0 76 77 49 1 1 1 1
0 78 79 80 0 0 0 1
0 78 80 81 0 0 0 1
0 82 83 78 0 0 0 1
0 84 82 78 0 0 0 1
0 84 78 81 0 0 0 1
0 85 86 84 0 0 0 1
0 87 85 84 0 0 0 1
0 87 84 81 0 0 0 1
0 88 87 81 0 0 0 1
0 89 88 81 0 0 0 1
0 90 91 92 1 1 1 1
0 92 91 93 1 1 1 1
0 94 95 91 1 1 1 1
0 95 96 91 1 1 1 1
0 91 96 93 1 1 1 1
0 97 98 96 1 1 1 1
0 98 99 96 1 1 1 1
0 96 99 93 1 1 1 1
0 99 100 93 1 1 1 1
0 100 101 93 1 1 1 1

Materials: 2
"blackshine"
0.000000 0.000000 0.000000 1.000000
0.000000 0.000000 0.000000 1.000000
0.898039 0.898039 0.898039 1.000000
0.000000 0.000000 0.000000 1.000000
0.180000
1.000000
".\black sphere.png"
".\plastic sphere add.png"
"1 - Default"
0.717647 0.050980 0.000000 1.000000
0.717647 0.050980 0.000000 1.000000
0.898039 0.898039 0.898039 1.000000
0.000000 0.000000 0.000000 1.000000
0.100000
1.000000
".\red sphere.png"
".\redreflect sphere add.png"

Bones: 0
