// MilkShape 3D ASCII

Frames: 30
Frame: 1

Meshes: 2
"B-inner" 0 0
108
0 -20.478992 16.182701 4.756126 0.143575 0.442640 -1
0 20.659582 16.182701 4.756126 -0.144246 0.442940 -1
0 23.338318 19.341423 10.286805 -0.139862 0.395861 -1
0 -23.157732 19.341423 10.286805 0.139261 0.395421 -1
0 20.659582 5.371499 4.756127 -0.209521 0.430229 -1
0 -20.478992 5.371499 4.756127 0.209184 0.429678 -1
0 -23.157722 2.212777 10.286805 0.234846 0.367490 -1
0 23.338318 2.212777 10.286805 -0.234961 0.368384 -1
0 -20.478992 -5.439704 4.756127 0.291326 0.429735 -1
0 20.659582 -5.439704 4.756127 0.709015 0.430285 -1
0 23.338318 -2.280982 10.286805 0.734487 0.368418 -1
0 -23.157722 -2.280967 10.286805 0.265632 0.367525 -1
0 36.711658 22.998924 4.756127 0.839071 0.465199 -1
0 34.809753 25.218346 4.756127 0.849782 0.464929 -1
0 33.234539 22.612556 10.286805 0.845085 0.420259 -1
0 34.607914 21.009895 10.286805 0.836836 0.420804 -1
0 32.521069 26.550011 4.756127 0.858966 0.464099 -1
0 31.721687 23.492790 10.286805 0.851453 0.418858 -1
0 29.845621 26.993889 4.756126 0.867021 0.462560 -1
0 29.658094 23.835167 10.286805 0.857743 0.415957 -1
0 29.845621 26.993889 4.756126 -0.132979 0.462560 -1
0 -38.815716 26.993904 4.756126 0.153293 0.468093 -1
0 -36.136986 23.835167 10.286805 0.157205 0.425746 -1
0 29.658094 23.835167 10.286805 -0.142257 0.415957 -1
0 -38.815716 -26.991905 4.756127 0.346707 0.468093 -1
0 -36.136986 -23.833168 10.286805 0.342795 0.425746 -1
0 -20.478989 -16.180702 4.756126 0.356425 0.442640 -1
0 -23.157722 -19.339424 10.286805 0.360739 0.395421 -1
0 29.845621 -26.991905 4.756127 0.632978 0.462560 -1
0 29.677132 -23.833168 10.286805 0.642307 0.415988 -1
0 20.659582 -16.180702 4.756126 0.644246 0.442940 -1
0 23.338318 -19.339424 10.286805 0.639862 0.395861 -1
0 37.881683 20.803505 4.756127 0.829927 0.465117 -1
0 35.462696 19.405983 10.286805 0.829689 0.420689 -1
0 38.583706 18.536186 4.756127 0.821277 0.464783 -1
0 35.960087 17.799599 10.286805 0.823150 0.420119 -1
0 38.817707 16.196953 4.756126 0.812911 0.464165 -1
0 36.138977 16.011299 10.286805 0.816375 0.418963 -1
0 38.817707 -16.194954 4.756126 0.687089 0.464165 -1
0 36.138977 -15.980613 10.286805 0.683731 0.418941 -1
0 20.659582 16.182701 4.756126 0.855754 0.442940 -1
0 20.659582 5.371499 4.756127 0.790479 0.430229 -1
0 23.338318 2.212777 10.286805 0.765039 0.368384 -1
0 23.338318 19.341423 10.286805 0.860138 0.395861 -1
0 38.451511 -19.362007 4.756127 0.675753 0.464983 -1
0 35.853279 -18.451363 10.286805 0.674350 0.420498 -1
0 37.352909 -22.097343 4.756127 0.664973 0.465262 -1
0 35.111526 -20.298225 10.286805 0.666571 0.420938 -1
0 35.521900 -24.400993 4.756127 0.654200 0.465019 -1
0 33.783489 -21.969063 10.286805 0.658229 0.420452 -1
0 33.670731 -25.840385 4.756127 0.645816 0.464486 -1
0 32.435886 -23.016914 10.286805 0.651772 0.419445 -1
0 31.778645 -26.704018 4.756127 0.638770 0.463694 -1
0 31.117559 -23.618660 10.286805 0.646664 0.418050 -1
0 20.659582 16.182701 -4.713194 -0.144246 0.556579 -1
0 -20.478991 16.182701 -4.713194 0.143575 0.556877 -1
0 23.338318 19.341423 -10.284804 -0.139862 0.604139 -1
0 -23.157732 19.341423 -10.284804 0.139261 0.604579 -1
0 -20.478991 5.371499 -4.713194 0.209184 0.569736 -1
0 20.659582 5.371499 -4.713194 -0.209521 0.569190 -1
0 -23.157722 2.212777 -10.284804 0.234846 0.632510 -1
0 23.338318 2.212777 -10.284804 -0.234961 0.631616 -1
0 20.659582 -5.439704 -4.713194 0.709015 0.569134 -1
0 -20.478991 -5.439704 -4.713194 0.291326 0.569679 -1
0 23.338318 -2.280982 -10.284804 0.734487 0.631582 -1
0 -23.157722 -2.280967 -10.284804 0.265632 0.632475 -1
0 34.809753 25.218346 -4.713194 0.849782 0.534772 -1
0 36.711662 22.998924 -4.713194 0.839071 0.534504 -1
0 33.234539 22.612556 -10.284804 0.845085 0.579741 -1
0 34.607914 21.009895 -10.284804 0.836836 0.579196 -1
0 32.521069 26.550011 -4.713194 0.858966 0.535595 -1
0 31.721687 23.492790 -10.284804 0.851453 0.581142 -1
0 29.845621 26.993889 -4.713194 0.867021 0.537121 -1
0 29.658094 23.835167 -10.284804 0.857743 0.584043 -1
0 -38.815716 26.993904 -4.713194 0.153293 0.531634 -1
0 29.845621 26.993889 -4.713194 -0.132979 0.537121 -1
0 -36.136986 23.835167 -10.284804 0.157205 0.574254 -1
0 29.658094 23.835167 -10.284804 -0.142257 0.584043 -1
0 -38.815716 -26.991905 -4.713194 0.346707 0.531634 -1
0 -36.136986 -23.833168 -10.284804 0.342795 0.574254 -1
0 -20.478987 -16.180702 -4.713194 0.356425 0.556877 -1
0 -23.157722 -19.339424 -10.284804 0.360739 0.604579 -1
0 29.845621 -26.991905 -4.713194 0.632978 0.537121 -1
0 29.677132 -23.833168 -10.284804 0.642307 0.584012 -1
0 20.659582 -16.180702 -4.713194 0.644246 0.556579 -1
0 23.338318 -19.339424 -10.284804 0.639862 0.604139 -1
0 37.881683 20.803505 -4.713194 0.829927 0.534585 -1
0 35.462696 19.405983 -10.284804 0.829689 0.579311 -1
0 38.583706 18.536186 -4.713194 0.821277 0.534916 -1
0 35.960087 17.799599 -10.284804 0.823150 0.579881 -1
0 38.817707 16.196953 -4.713194 0.812911 0.535529 -1
0 36.138977 16.011299 -10.284804 0.816375 0.581037 -1
0 38.817707 -16.194954 -4.713194 0.687089 0.535529 -1
0 36.138977 -15.980613 -10.284804 0.683731 0.581059 -1
0 20.659582 5.371499 -4.713194 0.790479 0.569190 -1
0 20.659582 16.182701 -4.713194 0.855754 0.556579 -1
0 23.338318 2.212777 -10.284804 0.765039 0.631616 -1
0 23.338318 19.341423 -10.284804 0.860138 0.604139 -1
0 38.451511 -19.362007 -4.713194 0.675753 0.534718 -1
0 35.853279 -18.451363 -10.284804 0.674350 0.579502 -1
0 37.352909 -22.097343 -4.713194 0.664973 0.534441 -1
0 35.111526 -20.298225 -10.284804 0.666571 0.579062 -1
0 35.521900 -24.400978 -4.713194 0.654200 0.534682 -1
0 33.783489 -21.969063 -10.284804 0.658229 0.579548 -1
0 33.670731 -25.840385 -4.713194 0.645816 0.535211 -1
0 32.435886 -23.016914 -10.284804 0.651772 0.580555 -1
0 31.778643 -26.704018 -4.713194 0.638770 0.535997 -1
0 31.117559 -23.618660 -10.284804 0.646664 0.581950 -1
141
0.000000 -0.868356 0.495942
0.000000 0.868356 0.495942
-0.000000 -0.868355 0.495943
0.000000 -0.868356 0.495942
-0.000000 -0.868355 0.495943
0.714224 0.526601 0.461059
0.523093 0.703843 0.480602
0.601298 0.643068 0.474241
0.752685 0.474116 0.456814
0.244405 0.833259 0.495929
0.344956 0.799471 0.491785
0.142256 0.857440 0.494531
0.142258 0.857439 0.494531
0.000000 0.868355 0.495943
0.000000 0.868355 0.495943
0.000000 0.868356 0.495942
-0.636391 0.707107 0.308230
-0.636392 -0.707107 0.308230
-0.899994 0.000000 0.435903
-0.899994 0.000000 0.435903
0.636391 0.707107 0.308231
0.636391 -0.707107 0.308231
0.899993 0.000000 0.435904
0.899993 0.000001 0.435903
0.636391 0.707107 0.308230
0.636392 -0.707107 0.308230
0.899994 0.000000 0.435903
0.899993 0.000000 0.435904
0.000000 -0.868355 0.495944
0.085494 -0.864052 0.496090
0.042745 -0.867000 0.496472
0.000000 0.868356 0.495942
0.813453 0.369527 0.449159
0.836575 0.317857 0.446215
0.872845 0.207489 0.441691
0.885639 0.148682 0.439928
0.897597 0.059753 0.436748
0.899198 0.029877 0.436521
0.898933 -0.034482 0.436726
0.896799 -0.068966 0.437030
-0.899993 0.000000 0.435904
-0.899993 0.000000 0.435904
-0.636391 -0.707107 0.308231
-0.636391 0.707107 0.308231
-0.899993 -0.000000 0.435904
-0.899993 0.000000 0.435904
0.878281 -0.181274 0.442450
0.857241 -0.258560 0.445291
0.791339 -0.409551 0.453928
0.745587 -0.482900 0.459246
0.646324 -0.602598 0.468125
0.594554 -0.650329 0.472841
0.483219 -0.731362 0.481258
0.423824 -0.764881 0.485108
0.286391 -0.821749 0.492655
0.207624 -0.843501 0.495376
0.000000 -0.869923 -0.493187
0.000000 0.869923 -0.493187
0.000000 0.869923 -0.493187
-0.000000 -0.869923 -0.493188
-0.000000 -0.869922 -0.493189
0.523972 0.705042 -0.477880
0.715336 0.527425 -0.458386
0.602283 0.644135 -0.471535
0.753836 0.474844 -0.454153
0.244840 0.834765 -0.493175
0.345562 0.800892 -0.489039
0.142511 0.858979 -0.491779
0.142513 0.858978 -0.491779
0.000000 0.869922 -0.493189
0.000000 0.869923 -0.493188
-0.403050 -0.894427 -0.193779
-0.806101 0.447214 -0.387559
-0.901248 0.000000 -0.433304
0.403050 -0.894427 -0.193780
0.806100 0.447214 -0.387560
0.901247 0.000000 -0.433305
0.901248 0.000001 -0.433304
0.403050 -0.894427 -0.193779
0.806100 0.447214 -0.387559
0.901248 0.000000 -0.433304
0.901248 0.000000 -0.433305
0.085648 -0.865613 -0.493335
0.000000 -0.869922 -0.493189
0.042822 -0.868568 -0.493716
0.814656 0.370075 -0.446519
0.837797 0.318324 -0.443584
0.874093 0.207788 -0.439073
0.886896 0.148895 -0.437316
0.898853 0.059837 -0.434146
0.900455 0.029918 -0.433919
0.900191 -0.034531 -0.434124
0.898055 -0.069063 -0.434427
-0.901248 0.000000 -0.433305
-0.403050 0.894427 -0.193780
-0.806100 -0.447214 -0.387559
0.879542 -0.181537 -0.439831
0.858487 -0.258939 -0.442663
0.792532 -0.410176 -0.451274
0.746737 -0.483654 -0.456578
0.647360 -0.603570 -0.465433
0.595527 -0.651398 -0.470136
0.484039 -0.732606 -0.478534
0.424552 -0.766204 -0.482376
0.286898 -0.823213 -0.489907
0.207995 -0.845021 -0.492623
0.000000 -1.000000 0.000000
0.000000 1.000000 0.000000
0.682358 0.731018 0.000000
0.845939 0.533279 0.000000
0.804665 0.593729 0.000000
0.595806 0.803128 0.000000
0.395588 0.918428 0.000000
0.280838 0.959755 0.000000
0.163671 0.986515 0.000000
0.000000 1.000000 0.000000
-1.000000 0.000000 0.000000
1.000000 0.000000 0.000000
1.000000 0.000000 0.000000
1.000000 0.000000 0.000000
1.000000 0.000000 0.000000
0.049222 -0.998788 0.000000
0.098443 -0.995143 -0.000000
0.934726 0.355370 0.000000
0.910376 0.413783 0.000000
0.986178 0.165689 0.000000
0.972860 0.231394 0.000000
0.999448 0.033216 0.000000
0.997791 0.066431 0.000000
0.997055 -0.076687 0.000000
0.999265 -0.038344 0.000000
0.957319 -0.289033 0.000000
0.979302 -0.202404 0.000000
0.839014 -0.544110 -0.000000
0.887839 -0.460153 0.000000
0.674418 -0.738349 -0.000001
0.731110 -0.682259 -0.000001
0.484343 -0.874878 -0.000000
0.550944 -0.834542 -0.000000
0.238696 -0.971094 -0.000000
0.328790 -0.944403 -0.000000
144
0 0 1 2 0 0 0 2
0 2 3 0 0 0 0 2
0 4 5 6 1 1 1 2
0 6 7 4 1 1 1 2
0 8 9 10 2 3 2 2
0 10 11 8 2 4 2 2
0 12 13 14 5 6 7 2
0 14 15 12 7 8 5 2
0 13 16 17 6 9 10 2
0 17 14 13 10 7 6 2
0 16 18 19 9 11 12 2
0 19 17 16 12 10 9 2
0 20 21 22 13 13 14 2
0 22 23 20 14 15 15 2
0 21 24 25 16 17 18 1
0 25 22 21 18 19 16 1
0 5 0 3 20 21 22 1
0 3 6 5 22 23 20 1
0 26 8 11 24 25 26 1
0 11 27 26 26 27 24 1
0 24 28 29 28 29 30 2
0 29 25 24 30 28 28 2
0 30 26 27 15 15 15 2
0 27 31 30 15 31 15 2
0 32 12 15 32 5 8 2
0 15 33 32 8 33 32 2
0 34 32 33 34 32 33 2
0 33 35 34 33 35 34 2
0 36 34 35 36 34 35 2
0 35 37 36 35 37 36 2
0 38 36 37 38 36 37 2
0 37 39 38 37 39 38 2
0 40 41 42 40 40 40 1
0 42 43 40 41 41 41 1
0 9 30 31 42 43 44 1
0 31 10 9 44 45 42 1
0 44 38 39 46 38 39 2
0 39 45 44 39 47 46 2
0 46 44 45 48 46 47 2
0 45 47 46 47 49 48 2
0 48 46 47 50 48 49 2
0 47 49 48 49 51 50 2
0 50 48 49 52 50 51 2
0 49 51 50 51 53 52 2
0 52 50 51 54 52 53 2
0 51 53 52 53 55 54 2
0 28 52 53 29 54 55 2
0 53 29 28 55 30 29 2
0 54 55 56 56 56 56 2
0 57 56 55 56 56 56 2
0 58 59 60 57 58 58 2
0 61 60 59 58 58 58 2
0 62 63 64 56 59 59 2
0 65 64 63 60 59 59 2
0 66 67 68 61 62 63 2
0 69 68 67 64 63 62 2
0 70 66 71 65 61 66 2
0 68 71 66 63 66 61 2
0 72 70 73 67 65 68 2
0 71 73 70 66 68 65 2
0 74 75 76 69 69 70 2
0 77 76 75 57 70 57 2
0 78 74 79 71 72 73 1
0 76 79 74 73 73 72 1
0 55 58 57 74 75 76 1
0 60 57 58 77 76 75 1
0 63 80 65 78 79 80 1
0 81 65 80 81 80 79 1
0 82 78 83 82 83 84 2
0 79 83 78 83 84 83 2
0 80 84 81 58 58 58 2
0 85 81 84 58 58 58 2
0 67 86 69 62 85 64 2
0 87 69 86 86 64 85 2
0 86 88 87 85 87 86 2
0 89 87 88 88 86 87 2
0 88 90 89 87 89 88 2
0 91 89 90 90 88 89 2
0 90 92 91 89 91 90 2
0 93 91 92 92 90 91 2
0 94 95 96 93 93 93 1
0 97 96 95 93 93 93 1
0 84 62 85 94 95 93 1
0 64 85 62 93 93 95 1
0 92 98 93 91 96 92 2
0 99 93 98 97 92 96 2
0 98 100 99 96 98 97 2
0 101 99 100 99 97 98 2
0 100 102 101 98 100 99 2
0 103 101 102 101 99 100 2
0 102 104 103 100 102 101 2
0 105 103 104 103 101 102 2
0 104 106 105 102 104 103 2
0 107 105 106 105 103 104 2
0 106 82 107 104 82 105 2
0 83 107 82 84 105 82 2
0 1 0 55 106 21 74 1
0 55 54 1 74 106 106 1
0 5 4 59 20 107 107 1
0 59 58 5 107 75 20 1
0 9 8 63 42 25 78 1
0 63 62 9 78 95 42 1
0 13 12 67 108 109 110 1
0 67 66 13 110 111 108 1
0 16 13 66 112 108 111 1
0 66 70 16 111 113 112 1
0 18 16 70 114 112 113 1
0 70 72 18 113 114 114 1
0 21 20 75 16 115 115 1
0 75 74 21 115 72 16 1
0 24 21 74 116 116 116 4
0 74 78 24 116 116 116 4
0 0 5 58 117 118 117 4
0 58 55 0 117 119 117 4
0 8 26 80 120 120 120 4
0 80 63 8 120 120 120 4
0 28 24 78 121 17 71 1
0 78 82 28 71 122 121 1
0 26 30 84 24 43 94 1
0 84 80 26 94 79 24 1
0 12 32 86 109 123 124 1
0 86 67 12 124 110 109 1
0 32 34 88 123 125 126 1
0 88 86 32 126 124 123 1
0 34 36 90 125 127 128 1
0 90 88 34 128 126 125 1
0 36 38 92 127 129 130 1
0 92 90 36 130 128 127 1
0 41 40 95 116 116 116 4
0 95 94 41 116 116 116 4
0 30 9 62 116 116 116 4
0 62 84 30 116 116 116 4
0 38 44 98 129 131 132 1
0 98 92 38 132 130 129 1
0 44 46 100 131 133 134 1
0 100 98 44 134 132 131 1
0 46 48 102 133 135 136 1
0 102 100 46 136 134 133 1
0 48 50 104 135 137 138 1
0 104 102 48 138 136 135 1
0 50 52 106 137 139 140 1
0 106 104 50 140 138 137 1
0 52 28 82 139 121 122 1
0 82 106 52 122 140 139 1
"B-outer" 0 1
54
0 34.607914 21.009895 10.286805 -0.163164 0.420804 -1
0 -23.157732 19.341423 10.286805 0.139261 0.395421 -1
0 23.338318 19.341423 10.286805 -0.139862 0.395861 -1
0 -23.157722 -2.280967 10.286805 0.265632 0.367525 -1
0 23.338318 2.212777 10.286805 -0.234961 0.368384 -1
0 -23.157722 2.212777 10.286805 0.234846 0.367490 -1
0 23.338318 2.212777 10.286805 0.765039 0.368384 -1
0 23.338318 -2.280982 10.286805 0.734487 0.368418 -1
0 33.234539 22.612556 10.286805 -0.154915 0.420259 -1
0 31.721687 23.492790 10.286805 -0.148547 0.418858 -1
0 29.658094 23.835167 10.286805 -0.142257 0.415957 -1
0 -36.136986 23.835167 10.286805 0.157205 0.425746 -1
0 -36.136986 -23.833168 10.286805 0.342795 0.425746 -1
0 -23.157722 -19.339424 10.286805 0.360739 0.395421 -1
0 29.677132 -23.833168 10.286805 0.642307 0.415988 -1
0 23.338318 -19.339424 10.286805 0.639862 0.395861 -1
0 35.462696 19.405983 10.286805 0.829689 0.420689 -1
0 34.607914 21.009895 10.286805 0.836836 0.420804 -1
0 23.338318 19.341423 10.286805 0.860138 0.395861 -1
0 35.960087 17.799599 10.286805 0.823150 0.420119 -1
0 36.138977 16.011299 10.286805 0.816375 0.418963 -1
0 36.138977 -15.980613 10.286805 0.683731 0.418941 -1
0 35.853279 -18.451363 10.286805 0.674350 0.420498 -1
0 35.111526 -20.298225 10.286805 0.666571 0.420938 -1
0 33.783489 -21.969063 10.286805 0.658229 0.420452 -1
0 32.435886 -23.016914 10.286805 0.651772 0.419445 -1
0 31.117559 -23.618660 10.286805 0.646664 0.418050 -1
0 -23.157732 19.341423 -10.284804 0.139261 0.604579 -1
0 34.607914 21.009895 -10.284804 -0.163164 0.579196 -1
0 23.338318 19.341423 -10.284804 -0.139862 0.604139 -1
0 23.338318 2.212777 -10.284804 -0.234961 0.631616 -1
0 -23.157722 -2.280967 -10.284804 0.265632 0.632475 -1
0 -23.157722 2.212777 -10.284804 0.234846 0.632510 -1
0 23.338318 2.212777 -10.284804 0.765039 0.631616 -1
0 23.338318 -2.280982 -10.284804 0.734487 0.631582 -1
0 33.234539 22.612556 -10.284804 -0.154915 0.579741 -1
0 31.721687 23.492790 -10.284804 -0.148547 0.581142 -1
0 29.658094 23.835167 -10.284804 -0.142257 0.584043 -1
0 -36.136986 23.835167 -10.284804 0.157205 0.574254 -1
0 -36.136986 -23.833168 -10.284804 0.342795 0.574254 -1
0 -23.157722 -19.339424 -10.284804 0.360739 0.604579 -1
0 29.677132 -23.833168 -10.284804 0.642307 0.584012 -1
0 23.338318 -19.339424 -10.284804 0.639862 0.604139 -1
0 34.607914 21.009895 -10.284804 0.836836 0.579196 -1
0 35.462696 19.405983 -10.284804 0.829689 0.579311 -1
0 23.338318 19.341423 -10.284804 0.860138 0.604139 -1
0 35.960087 17.799599 -10.284804 0.823150 0.579881 -1
0 36.138977 16.011299 -10.284804 0.816375 0.581037 -1
0 36.138977 -15.980613 -10.284804 0.683731 0.581059 -1
0 35.853279 -18.451363 -10.284804 0.674350 0.579502 -1
0 35.111526 -20.298225 -10.284804 0.666571 0.579062 -1
0 33.783489 -21.969063 -10.284804 0.658229 0.579548 -1
0 32.435886 -23.016914 -10.284804 0.651772 0.580555 -1
0 31.117559 -23.618660 -10.284804 0.646664 0.581950 -1
2
0.000000 0.000000 1.000000
0.000000 0.000000 -1.000000
52
0 0 1 2 0 0 0 1
0 3 4 5 0 0 0 1
0 6 3 7 0 0 0 1
0 1 0 8 0 0 0 1
0 1 8 9 0 0 0 1
0 1 9 10 0 0 0 1
0 1 10 11 0 0 0 1
0 1 11 12 0 0 0 1
0 5 1 12 0 0 0 1
0 3 5 12 0 0 0 1
0 13 3 12 0 0 0 1
0 13 12 14 0 0 0 1
0 15 13 14 0 0 0 1
0 16 17 18 0 0 0 1
0 19 16 18 0 0 0 1
0 20 19 18 0 0 0 1
0 21 20 18 0 0 0 1
0 21 18 6 0 0 0 1
0 21 6 7 0 0 0 1
0 21 7 15 0 0 0 1
0 21 15 14 0 0 0 1
0 22 21 14 0 0 0 1
0 23 22 14 0 0 0 1
0 24 23 14 0 0 0 1
0 25 24 14 0 0 0 1
0 26 25 14 0 0 0 1
0 27 28 29 1 1 1 1
0 30 31 32 1 1 1 1
0 31 33 34 1 1 1 1
0 28 27 35 1 1 1 1
0 35 27 36 1 1 1 1
0 36 27 37 1 1 1 1
0 37 27 38 1 1 1 1
0 38 27 39 1 1 1 1
0 27 32 39 1 1 1 1
0 32 31 39 1 1 1 1
0 31 40 39 1 1 1 1
0 39 40 41 1 1 1 1
0 40 42 41 1 1 1 1
0 43 44 45 1 1 1 1
0 44 46 45 1 1 1 1
0 46 47 45 1 1 1 1
0 47 48 45 1 1 1 1
0 45 48 33 1 1 1 1
0 33 48 34 1 1 1 1
0 34 48 42 1 1 1 1
0 42 48 41 1 1 1 1
0 48 49 41 1 1 1 1
0 49 50 41 1 1 1 1
0 50 51 41 1 1 1 1
0 51 52 41 1 1 1 1
0 52 53 41 1 1 1 1

Materials: 2
"blackshine"
0.000000 0.000000 0.000000 1.000000
0.000000 0.000000 0.000000 1.000000
0.898039 0.898039 0.898039 1.000000
0.000000 0.000000 0.000000 1.000000
0.180000
1.000000
".\black sphere.png"
".\plastic sphere add.png"
"1 - Default"
0.737255 0.745098 0.000000 1.000000
0.737255 0.745098 0.000000 1.000000
0.898039 0.898039 0.898039 1.000000
0.000000 0.000000 0.000000 1.000000
0.100000
1.000000
".\yellow sphere.png"
".\yellowereflect sphere add.png"

Bones: 0
