// MilkShape 3D ASCII

Frames: 30
Frame: 1

Meshes: 2
"Bminus-inner" 0 0
124
0 -42.458199 16.182686 4.756126 0.192049 0.466810 -1
0 -1.319618 16.182686 4.756126 0.012960 0.409308 -1
0 1.359109 19.341423 10.286805 -0.011158 0.344739 -1
0 -45.136925 19.341423 10.286805 0.185573 0.434278 -1
0 -1.319618 5.371491 4.756127 0.038376 0.273950 -1
0 -42.458199 5.371499 4.756127 0.229975 0.464778 -1
0 -45.136925 2.212777 10.286805 0.242208 0.428766 -1
0 1.359109 2.212769 10.286805 -0.087642 0.078678 -1
0 -42.458199 -5.439704 4.756127 0.270283 0.464785 -1
0 -1.319618 -5.439704 4.756127 0.462101 0.275877 -1
0 1.359109 -2.280982 10.286805 0.585440 0.080423 -1
0 -45.136925 -2.280975 10.286805 0.258039 0.428771 -1
0 14.732461 22.998924 4.756127 0.909328 0.445130 -1
0 12.830544 25.218346 4.756127 0.925097 0.446998 -1
0 11.255334 22.612556 10.286805 0.926498 0.376900 -1
0 12.628716 21.009895 10.286805 0.913865 0.373532 -1
0 10.541863 26.549995 4.756127 0.939848 0.447493 -1
0 9.742486 23.492790 10.286805 0.937437 0.377661 -1
0 7.866417 26.993889 4.756126 0.954874 0.446669 -1
0 7.678887 23.835167 10.286805 0.950401 0.375937 -1
0 7.866417 26.993889 4.756126 -0.045126 0.446669 -1
0 -60.794914 26.993904 4.756126 0.183498 0.477284 -1
0 -58.116188 23.835167 10.286805 0.188059 0.448336 -1
0 7.678887 23.835167 10.286805 -0.049599 0.375937 -1
0 -60.794914 -26.991905 4.756127 0.316502 0.477284 -1
0 -58.116188 -23.833176 10.286805 0.311941 0.448336 -1
0 -42.458183 -16.180702 4.756126 0.307951 0.466810 -1
0 -45.136925 -19.339432 10.286805 0.314427 0.434278 -1
0 7.866417 -26.991905 4.756127 0.545126 0.446669 -1
0 7.697930 -23.833176 10.286805 0.549714 0.375963 -1
0 -1.319618 -16.180702 4.756126 0.487040 0.409308 -1
0 1.359109 -19.339424 10.286805 0.511158 0.344739 -1
0 15.902474 20.803505 4.756127 0.896127 0.442817 -1
0 13.483499 19.405983 10.286805 0.903357 0.369313 -1
0 16.604500 18.536186 4.756127 0.883741 0.439899 -1
0 13.980889 17.799599 10.286805 0.894034 0.364220 -1
0 16.838509 16.196953 4.756126 0.871909 0.436086 -1
0 14.159768 16.011299 10.286805 0.884755 0.357225 -1
0 16.838509 -16.194969 4.756126 0.628090 0.436086 -1
0 14.159768 -15.980613 10.286805 0.615386 0.357100 -1
0 16.472313 -19.362007 4.756127 0.612184 0.441139 -1
0 13.874078 -18.451370 10.286805 0.602603 0.366582 -1
0 15.373712 -22.097343 4.756127 0.596734 0.444347 -1
0 13.132333 -20.298225 10.286805 0.591384 0.371959 -1
0 13.542703 -24.400993 4.756127 0.580633 0.446280 -1
0 11.804284 -21.969070 10.286805 0.578463 0.375487 -1
0 11.691537 -25.840385 4.756127 0.567616 0.447126 -1
0 10.456689 -23.016914 10.286805 0.567860 0.377005 -1
0 9.799447 -26.704025 4.756127 0.555969 0.447277 -1
0 9.138360 -23.618660 10.286805 0.558747 0.377198 -1
0 -1.319618 16.182686 -4.713194 0.012960 0.589952 -1
0 -42.458183 16.182686 -4.713194 0.192049 0.532907 -1
0 1.359109 19.341423 -10.284804 -0.011158 0.655261 -1
0 -45.136925 19.341423 -10.284804 0.185573 0.565722 -1
0 -42.458183 5.371499 -4.713194 0.229975 0.534921 -1
0 -1.319618 5.371491 -4.713194 0.038376 0.724691 -1
0 -45.136925 2.212777 -10.284804 0.242208 0.571234 -1
0 1.359109 2.212769 -10.284804 -0.087642 0.921322 -1
0 -1.319618 -5.439704 -4.713194 0.462101 0.722766 -1
0 -42.458183 -5.439704 -4.713194 0.270283 0.534914 -1
0 1.359109 -2.280982 -10.284804 0.585440 0.919577 -1
0 -45.136925 -2.280975 -10.284804 0.258039 0.571229 -1
0 12.830544 25.218346 -4.713194 0.925097 0.552554 -1
0 14.732461 22.998924 -4.713194 0.909328 0.554407 -1
0 11.255334 22.612556 -10.284804 0.926498 0.623100 -1
0 12.628716 21.009895 -10.284804 0.913865 0.626468 -1
0 10.541863 26.549995 -4.713194 0.939848 0.552063 -1
0 9.742486 23.492790 -10.284804 0.937437 0.622339 -1
0 7.866417 26.993889 -4.713194 0.954874 0.552880 -1
0 7.678887 23.835167 -10.284804 0.950401 0.624063 -1
0 -60.794914 26.993904 -4.713194 0.183498 0.522521 -1
0 7.866417 26.993889 -4.713194 -0.045126 0.552880 -1
0 -58.116188 23.835167 -10.284804 0.188059 0.551664 -1
0 7.678887 23.835167 -10.284804 -0.049599 0.624063 -1
0 -60.794914 -26.991905 -4.713194 0.316502 0.522521 -1
0 -58.116188 -23.833176 -10.284804 0.311941 0.551664 -1
0 -42.458183 -16.180702 -4.713194 0.307951 0.532907 -1
0 -45.136925 -19.339432 -10.284804 0.314427 0.565722 -1
0 7.866417 -26.991905 -4.713194 0.545126 0.552880 -1
0 7.697930 -23.833176 -10.284804 0.549714 0.624037 -1
0 -1.319618 -16.180702 -4.713194 0.487040 0.589952 -1
0 1.359109 -19.339424 -10.284804 0.511158 0.655261 -1
0 15.902474 20.803505 -4.713194 0.896127 0.556701 -1
0 13.483499 19.405983 -10.284804 0.903357 0.630687 -1
0 16.604500 18.536186 -4.713194 0.883741 0.559596 -1
0 13.980889 17.799599 -10.284804 0.894034 0.635780 -1
0 16.838509 16.196953 -4.713194 0.871909 0.563379 -1
0 14.159768 16.011299 -10.284804 0.884755 0.642775 -1
0 16.838509 -16.194969 -4.713194 0.628090 0.563379 -1
0 14.159768 -15.980613 -10.284804 0.615386 0.642900 -1
0 16.472313 -19.362007 -4.713194 0.612184 0.558366 -1
0 13.874078 -18.451370 -10.284804 0.602603 0.633418 -1
0 15.373712 -22.097343 -4.713194 0.596734 0.555184 -1
0 13.132333 -20.298225 -10.284804 0.591384 0.628041 -1
0 13.542703 -24.400986 -4.713194 0.580632 0.553267 -1
0 11.804284 -21.969070 -10.284804 0.578463 0.624513 -1
0 11.691537 -25.840385 -4.713194 0.567616 0.552427 -1
0 10.456689 -23.016914 -10.284804 0.567860 0.622995 -1
0 9.799447 -26.704025 -4.713194 0.555969 0.552277 -1
0 9.138360 -23.618660 -10.284804 0.558747 0.622802 -1
0 41.123421 -4.917373 1.760949 0.731054 0.486482 -1
0 60.796913 -4.917373 1.760949 0.737152 0.490818 -1
0 58.583916 -2.704383 5.069363 0.742655 0.472559 -1
0 41.123421 -2.704383 5.069363 0.739544 0.461048 -1
0 60.796913 4.919365 1.760949 0.762848 0.490818 -1
0 58.583916 2.706376 5.069363 0.757345 0.472559 -1
0 41.123421 4.919365 1.760949 0.768945 0.486482 -1
0 41.123421 2.706376 5.069363 0.760455 0.461048 -1
0 21.449944 4.919365 1.760949 0.785875 0.474597 -1
0 21.449944 -4.917373 1.760949 0.714125 0.474597 -1
0 23.662941 -2.704383 5.069363 0.731882 0.433255 -1
0 23.662941 2.706376 5.069363 0.768118 0.433255 -1
0 60.796913 -4.917373 -1.758902 0.737152 0.509182 -1
0 41.123421 -4.917373 -1.758902 0.731054 0.513518 -1
0 58.583916 -2.704383 -5.067366 0.742655 0.527441 -1
0 41.123421 -2.704383 -5.067366 0.739544 0.538952 -1
0 60.796913 4.919365 -1.758902 0.762848 0.509182 -1
0 58.583916 2.706376 -5.067366 0.757345 0.527441 -1
0 41.123421 4.919365 -1.758902 0.768945 0.513518 -1
0 41.123421 2.706376 -5.067366 0.760455 0.538952 -1
0 21.449944 -4.917373 -1.758902 0.714125 0.525403 -1
0 21.449944 4.919365 -1.758902 0.785875 0.525403 -1
0 23.662941 -2.704383 -5.067366 0.731882 0.566745 -1
0 23.662941 2.706376 -5.067366 0.768118 0.566745 -1
176
0.000000 -0.868355 0.495944
0.000000 -0.868355 0.495944
0.000000 -0.868355 0.495944
0.000000 0.868356 0.495942
0.000000 0.868356 0.495942
0.000000 0.868356 0.495942
-0.000000 -0.868356 0.495942
0.000000 -0.868356 0.495942
-0.000000 -0.868355 0.495943
0.714224 0.526602 0.461059
0.523092 0.703845 0.480601
0.601297 0.643069 0.474241
0.752686 0.474116 0.456813
0.244405 0.833260 0.495928
0.344955 0.799472 0.491784
0.142261 0.857439 0.494530
0.142260 0.857439 0.494530
0.000000 0.868355 0.495943
0.000000 0.868355 0.495943
0.000000 0.868356 0.495942
-0.899994 0.000000 0.435903
-0.899994 0.000000 0.435903
-0.899994 0.000000 0.435903
0.899994 0.000000 0.435903
0.899994 0.000000 0.435903
0.899994 0.000000 0.435903
0.899993 0.000001 0.435903
0.899994 0.000001 0.435902
0.899993 0.000000 0.435905
0.000000 -0.868355 0.495943
0.085494 -0.864052 0.496089
0.042747 -0.867000 0.496471
0.000000 -0.868355 0.495943
-0.000000 0.868356 0.495942
0.000000 0.868355 0.495943
-0.000000 0.868356 0.495942
0.813454 0.369526 0.449158
0.836576 0.317858 0.446214
0.872845 0.207491 0.441689
0.885640 0.148682 0.439927
0.897597 0.059752 0.436749
0.899197 0.029875 0.436522
0.898933 -0.034483 0.436727
0.896799 -0.068965 0.437031
-0.899994 0.000000 0.435903
-0.899994 0.000000 0.435903
-0.899994 -0.000000 0.435903
-0.899994 -0.000000 0.435903
0.878281 -0.181273 0.442451
0.857242 -0.258558 0.445291
0.791340 -0.409550 0.453927
0.745587 -0.482900 0.459246
0.646323 -0.602598 0.468125
0.594554 -0.650329 0.472841
0.483220 -0.731361 0.481258
0.423824 -0.764881 0.485108
0.286390 -0.821748 0.492656
0.207624 -0.843501 0.495377
0.000000 -0.869922 -0.493189
0.000000 -0.869922 -0.493189
0.000000 0.869923 -0.493187
0.000000 0.869923 -0.493187
0.000000 0.869923 -0.493187
0.000000 -0.869923 -0.493187
-0.000000 -0.869923 -0.493187
-0.000000 -0.869923 -0.493188
0.523971 0.705043 -0.477880
0.715335 0.527426 -0.458386
0.602283 0.644136 -0.471534
0.753836 0.474845 -0.454152
0.244840 0.834765 -0.493173
0.345561 0.800893 -0.489038
0.142516 0.858978 -0.491779
0.142516 0.858978 -0.491778
0.000000 0.869922 -0.493189
0.000000 0.869923 -0.493188
0.000000 0.869923 -0.493187
-0.901248 0.000000 -0.433303
-0.901248 0.000000 -0.433303
0.901247 0.000000 -0.433305
0.901247 0.000000 -0.433305
0.085648 -0.865613 -0.493334
0.000000 -0.869923 -0.493188
0.042824 -0.868569 -0.493715
0.000000 0.869923 -0.493188
-0.000000 0.869923 -0.493187
-0.000000 0.869923 -0.493187
0.814657 0.370075 -0.446518
0.837797 0.318324 -0.443583
0.874094 0.207789 -0.439072
0.886897 0.148894 -0.437315
0.898853 0.059836 -0.434147
0.900454 0.029917 -0.433921
0.900190 -0.034531 -0.434126
0.898055 -0.069062 -0.434428
0.879541 -0.181536 -0.439831
0.858488 -0.258937 -0.442663
0.792533 -0.410175 -0.451274
0.746737 -0.483653 -0.456578
0.647360 -0.603571 -0.465433
0.595526 -0.651398 -0.470137
0.484039 -0.732606 -0.478534
0.424553 -0.766204 -0.482376
0.286897 -0.823213 -0.489908
0.207995 -0.845021 -0.492623
0.000000 -1.000000 0.000000
0.000000 1.000000 0.000000
0.000000 1.000000 0.000000
0.000000 1.000000 0.000000
0.682356 0.731020 0.000000
0.845940 0.533278 0.000000
0.804665 0.593730 0.000000
0.595803 0.803130 0.000000
0.395587 0.918428 0.000000
0.280840 0.959755 0.000000
0.163676 0.986514 0.000000
0.000000 1.000000 0.000000
-1.000000 0.000000 0.000000
1.000000 0.000000 0.000002
1.000000 0.000000 0.000002
1.000000 0.000000 0.000002
1.000000 0.000001 0.000001
1.000000 0.000001 0.000000
1.000000 0.000000 0.000002
0.049220 -0.998788 0.000000
0.098440 -0.995143 0.000000
0.000000 1.000000 0.000000
0.934726 0.355369 0.000000
0.910376 0.413781 0.000000
0.986178 0.165691 0.000000
0.972860 0.231396 0.000000
0.999448 0.033217 0.000000
0.997791 0.066433 0.000000
0.997055 -0.076687 0.000000
0.999265 -0.038344 0.000000
0.957319 -0.289033 0.000000
0.979302 -0.202404 0.000000
0.839014 -0.544109 -0.000000
0.887840 -0.460153 0.000000
0.674418 -0.738349 -0.000000
0.731110 -0.682259 -0.000000
0.484345 -0.874877 0.000000
0.550945 -0.834541 -0.000000
0.238694 -0.971095 0.000000
0.328790 -0.944403 0.000000
0.000000 -0.831193 0.555983
0.000000 -0.831194 0.555983
0.000000 -0.831193 0.555983
0.831193 0.000000 0.555985
0.000000 0.831193 0.555983
0.000000 0.831193 0.555983
0.000000 0.831194 0.555983
-0.831193 0.000000 0.555985
-0.000000 -0.831193 0.555983
-0.000000 -0.831193 0.555983
0.000000 -0.831194 0.555983
-0.000000 0.831193 0.555983
-0.000000 0.831194 0.555983
0.000000 0.831193 0.555983
-0.000000 -0.831197 -0.555978
-0.000000 -0.831197 -0.555977
0.000000 -0.831197 -0.555977
0.831196 0.000000 -0.555979
0.831196 0.000000 -0.555979
-0.000000 0.831197 -0.555977
-0.000000 0.831197 -0.555977
0.000000 0.831197 -0.555978
-0.831196 0.000000 -0.555979
-0.831196 0.000000 -0.555979
0.000000 -0.831197 -0.555978
0.000000 -0.831197 -0.555978
0.000000 -0.831197 -0.555978
0.000000 0.831197 -0.555978
0.000000 0.831197 -0.555977
0.000000 0.831197 -0.555977
1.000000 0.000000 0.000000
180
0 0 1 2 0 1 0 2
0 2 3 0 0 2 0 2
0 4 5 6 3 4 3 2
0 6 7 4 3 5 3 2
0 8 9 10 6 7 6 2
0 10 11 8 6 8 6 2
0 12 13 14 9 10 11 2
0 14 15 12 11 12 9 2
0 13 16 17 10 13 14 2
0 17 14 13 14 11 10 2
0 16 18 19 13 15 16 2
0 19 17 16 16 14 13 2
0 20 21 22 17 17 18 2
0 22 23 20 18 19 19 2
0 21 24 25 20 21 20 3
0 25 22 21 20 22 20 3
0 5 0 3 23 24 23 3
0 3 6 5 23 25 23 3
0 26 8 11 26 27 26 3
0 11 27 26 26 28 26 3
0 24 28 29 29 30 31 2
0 29 25 24 31 32 29 2
0 30 26 27 33 34 33 2
0 27 31 30 33 35 33 2
0 32 12 15 36 9 12 2
0 15 33 32 12 37 36 2
0 34 32 33 38 36 37 2
0 33 35 34 37 39 38 2
0 36 34 35 40 38 39 2
0 35 37 36 39 41 40 2
0 38 36 37 42 40 41 2
0 37 39 38 41 43 42 2
0 1 4 7 44 45 44 3
0 7 2 1 44 22 44 3
0 9 30 31 46 47 46 3
0 31 10 9 46 22 46 3
0 40 38 39 48 42 43 2
0 39 41 40 43 49 48 2
0 42 40 41 50 48 49 2
0 41 43 42 49 51 50 2
0 44 42 43 52 50 51 2
0 43 45 44 51 53 52 2
0 46 44 45 54 52 53 2
0 45 47 46 53 55 54 2
0 48 46 47 56 54 55 2
0 47 49 48 55 57 56 2
0 28 48 49 30 56 57 2
0 49 29 28 57 31 30 2
0 50 51 52 58 58 58 2
0 53 52 51 59 58 58 2
0 54 55 56 60 61 61 2
0 57 56 55 62 61 61 2
0 58 59 60 63 64 64 2
0 61 60 59 65 64 64 2
0 62 63 64 66 67 68 2
0 65 64 63 69 68 67 2
0 66 62 67 70 66 71 2
0 64 67 62 68 71 66 2
0 68 66 69 72 70 73 2
0 67 69 66 71 73 70 2
0 70 71 72 74 74 75 2
0 73 72 71 76 75 76 2
0 74 70 75 77 77 77 3
0 72 75 70 78 77 77 3
0 51 54 53 79 80 80 3
0 56 53 54 80 80 80 3
0 59 76 61 80 80 80 3
0 77 61 76 79 80 80 3
0 78 74 79 81 82 83 2
0 75 79 74 82 83 82 2
0 76 80 77 84 85 85 2
0 81 77 80 86 85 85 2
0 63 82 65 67 87 69 2
0 83 65 82 88 69 87 2
0 82 84 83 87 89 88 2
0 85 83 84 90 88 89 2
0 84 86 85 89 91 90 2
0 87 85 86 92 90 91 2
0 86 88 87 91 93 92 2
0 89 87 88 94 92 93 2
0 55 50 57 77 77 77 3
0 52 57 50 77 77 77 3
0 80 58 81 78 78 78 3
0 60 81 58 78 78 78 3
0 88 90 89 93 95 94 2
0 91 89 90 96 94 95 2
0 90 92 91 95 97 96 2
0 93 91 92 98 96 97 2
0 92 94 93 97 99 98 2
0 95 93 94 100 98 99 2
0 94 96 95 99 101 100 2
0 97 95 96 102 100 101 2
0 96 98 97 101 103 102 2
0 99 97 98 104 102 103 2
0 98 78 99 103 81 104 2
0 79 99 78 83 104 81 2
0 1 0 51 105 105 105 1
0 51 50 1 105 105 105 1
0 5 4 55 106 107 106 1
0 55 54 5 106 108 106 1
0 9 8 59 105 105 105 1
0 59 58 9 105 105 105 1
0 13 12 63 109 110 111 1
0 63 62 13 111 112 109 1
0 16 13 62 113 109 112 1
0 62 66 16 112 114 113 1
0 18 16 66 115 113 114 1
0 66 68 18 114 115 115 1
0 21 20 71 116 116 116 1
0 71 70 21 116 116 116 1
0 24 21 70 117 117 117 4
0 70 74 24 117 117 117 4
0 0 5 54 118 119 118 4
0 54 51 0 118 120 118 4
0 8 26 76 121 122 121 4
0 76 59 8 121 123 121 4
0 28 24 74 124 105 105 1
0 74 78 28 105 125 124 1
0 26 30 80 126 126 126 1
0 80 76 26 126 126 126 1
0 12 32 82 110 127 128 1
0 82 63 12 128 111 110 1
0 32 34 84 127 129 130 1
0 84 82 32 130 128 127 1
0 34 36 86 129 131 132 1
0 86 84 34 132 130 129 1
0 36 38 88 131 133 134 1
0 88 86 36 134 132 131 1
0 4 1 50 117 117 117 4
0 50 55 4 117 117 117 4
0 30 9 58 117 117 117 4
0 58 80 30 117 117 117 4
0 38 40 90 133 135 136 1
0 90 88 38 136 134 133 1
0 40 42 92 135 137 138 1
0 92 90 40 138 136 135 1
0 42 44 94 137 139 140 1
0 94 92 42 140 138 137 1
0 44 46 96 139 141 142 1
0 96 94 44 142 140 139 1
0 46 48 98 141 143 144 1
0 98 96 46 144 142 141 1
0 48 28 78 143 124 125 1
0 78 98 48 125 144 143 1
0 100 101 102 145 146 145 2
0 102 103 100 145 147 145 2
0 101 104 105 148 148 148 3
0 105 102 101 148 148 148 3
0 104 106 107 149 150 149 2
0 107 105 104 149 151 149 2
0 108 109 110 152 152 152 2
0 110 111 108 152 152 152 2
0 109 100 103 153 154 153 4
0 103 110 109 153 155 153 4
0 106 108 111 156 157 156 3
0 111 107 106 156 158 156 3
0 112 113 114 159 160 160 2
0 115 114 113 161 160 160 2
0 116 112 117 162 163 163 3
0 114 117 112 163 163 163 3
0 118 116 119 164 165 165 2
0 117 119 116 166 165 165 2
0 120 121 122 167 168 168 2
0 123 122 121 168 168 168 2
0 113 120 115 169 170 170 4
0 122 115 120 171 170 170 4
0 121 118 123 172 173 173 3
0 119 123 118 174 173 173 3
0 113 112 101 105 105 105 1
0 101 100 113 105 105 105 1
0 112 116 104 175 175 175 4
0 104 101 112 175 175 175 4
0 116 118 106 126 126 126 1
0 106 104 116 126 126 126 1
0 121 120 109 117 117 117 1
0 109 108 121 117 117 117 1
0 120 113 100 105 105 105 6
0 100 109 120 105 105 105 6
0 118 121 108 126 126 126 4
0 108 106 118 126 126 126 4
"Bminus-outer" 0 1
66
0 12.628716 21.009895 10.286805 -0.086135 0.373532 -1
0 -45.136925 19.341423 10.286805 0.185573 0.434278 -1
0 1.359109 19.341423 10.286805 -0.011158 0.344739 -1
0 -45.136925 -2.280975 10.286805 0.258039 0.428771 -1
0 1.359109 2.212769 10.286805 -0.087642 0.078678 -1
0 -45.136925 2.212777 10.286805 0.242208 0.428766 -1
0 1.359109 -2.280982 10.286805 0.585440 0.080423 -1
0 11.255334 22.612556 10.286805 -0.073502 0.376900 -1
0 9.742486 23.492790 10.286805 -0.062563 0.377661 -1
0 7.678887 23.835167 10.286805 -0.049599 0.375937 -1
0 -58.116188 23.835167 10.286805 0.188059 0.448336 -1
0 -58.116188 -23.833176 10.286805 0.311941 0.448336 -1
0 -45.136925 -19.339432 10.286805 0.314427 0.434278 -1
0 7.697930 -23.833176 10.286805 0.549714 0.375963 -1
0 1.359109 -19.339424 10.286805 0.511158 0.344739 -1
0 13.483499 19.405983 10.286805 0.903357 0.369313 -1
0 12.628716 21.009895 10.286805 0.913865 0.373532 -1
0 1.359109 19.341423 10.286805 0.988842 0.344739 -1
0 13.980889 17.799599 10.286805 0.894034 0.364220 -1
0 14.159768 16.011299 10.286805 0.884755 0.357225 -1
0 14.159768 -15.980613 10.286805 0.615386 0.357100 -1
0 1.359109 2.212769 10.286805 0.912358 0.078678 -1
0 13.874078 -18.451370 10.286805 0.602603 0.366582 -1
0 13.132333 -20.298225 10.286805 0.591384 0.371959 -1
0 11.804284 -21.969070 10.286805 0.578463 0.375487 -1
0 10.456689 -23.016914 10.286805 0.567860 0.377005 -1
0 9.138360 -23.618660 10.286805 0.558747 0.377198 -1
0 -45.136925 19.341423 -10.284804 0.185573 0.565722 -1
0 12.628716 21.009895 -10.284804 -0.086135 0.626468 -1
0 1.359109 19.341423 -10.284804 -0.011158 0.655261 -1
0 1.359109 2.212769 -10.284804 -0.087642 0.921322 -1
0 -45.136925 -2.280975 -10.284804 0.258039 0.571229 -1
0 -45.136925 2.212777 -10.284804 0.242208 0.571234 -1
0 1.359109 -2.280982 -10.284804 0.585440 0.919577 -1
0 11.255334 22.612556 -10.284804 -0.073502 0.623100 -1
0 9.742486 23.492790 -10.284804 -0.062563 0.622339 -1
0 7.678887 23.835167 -10.284804 -0.049599 0.624063 -1
0 -58.116188 23.835167 -10.284804 0.188059 0.551664 -1
0 -58.116188 -23.833176 -10.284804 0.311941 0.551664 -1
0 -45.136925 -19.339432 -10.284804 0.314427 0.565722 -1
0 7.697930 -23.833176 -10.284804 0.549714 0.624037 -1
0 1.359109 -19.339424 -10.284804 0.511158 0.655261 -1
0 12.628716 21.009895 -10.284804 0.913865 0.626468 -1
0 13.483499 19.405983 -10.284804 0.903357 0.630687 -1
0 1.359109 19.341423 -10.284804 0.988842 0.655261 -1
0 13.980889 17.799599 -10.284804 0.894034 0.635780 -1
0 14.159768 16.011299 -10.284804 0.884755 0.642775 -1
0 14.159768 -15.980613 -10.284804 0.615386 0.642900 -1
0 1.359109 2.212769 -10.284804 0.912358 0.921322 -1
0 13.874078 -18.451370 -10.284804 0.602603 0.633418 -1
0 13.132333 -20.298225 -10.284804 0.591384 0.628041 -1
0 11.804284 -21.969070 -10.284804 0.578463 0.624513 -1
0 10.456689 -23.016914 -10.284804 0.567860 0.622995 -1
0 9.138360 -23.618660 -10.284804 0.558747 0.622802 -1
0 41.123421 -2.704383 5.069363 0.739544 0.461048 -1
0 58.583916 -2.704383 5.069363 0.742655 0.472559 -1
0 58.583916 2.706376 5.069363 0.757345 0.472559 -1
0 41.123421 2.706376 5.069363 0.760455 0.461048 -1
0 23.662941 2.706376 5.069363 0.768118 0.433255 -1
0 23.662941 -2.704383 5.069363 0.731882 0.433255 -1
0 41.123421 -2.704383 -5.067366 0.739544 0.538952 -1
0 23.662941 -2.704383 -5.067366 0.731882 0.566745 -1
0 23.662941 2.706376 -5.067366 0.768118 0.566745 -1
0 41.123421 2.706376 -5.067366 0.760455 0.538952 -1
0 58.583916 2.706376 -5.067366 0.757345 0.527441 -1
0 58.583916 -2.704383 -5.067366 0.742655 0.527441 -1
2
0.000000 0.000000 1.000000
0.000000 0.000000 -1.000000
60
0 0 1 2 0 0 0 1
0 3 4 5 0 0 0 1
0 4 3 6 0 0 0 1
0 1 0 7 0 0 0 1
0 1 7 8 0 0 0 1
0 1 8 9 0 0 0 1
0 1 9 10 0 0 0 1
0 1 10 11 0 0 0 1
0 5 1 11 0 0 0 1
0 3 5 11 0 0 0 1
0 12 3 11 0 0 0 1
0 12 11 13 0 0 0 1
0 14 12 13 0 0 0 1
0 15 16 17 0 0 0 1
0 18 15 17 0 0 0 1
0 19 18 17 0 0 0 1
0 20 19 17 0 0 0 1
0 20 17 21 0 0 0 1
0 20 21 6 0 0 0 1
0 20 6 14 0 0 0 1
0 20 14 13 0 0 0 1
0 22 20 13 0 0 0 1
0 23 22 13 0 0 0 1
0 24 23 13 0 0 0 1
0 25 24 13 0 0 0 1
0 26 25 13 0 0 0 1
0 27 28 29 1 1 1 1
0 30 31 32 1 1 1 1
0 31 30 33 1 1 1 1
0 28 27 34 1 1 1 1
0 34 27 35 1 1 1 1
0 35 27 36 1 1 1 1
0 36 27 37 1 1 1 1
0 37 27 38 1 1 1 1
0 27 32 38 1 1 1 1
0 32 31 38 1 1 1 1
0 31 39 38 1 1 1 1
0 38 39 40 1 1 1 1
0 39 41 40 1 1 1 1
0 42 43 44 1 1 1 1
0 43 45 44 1 1 1 1
0 45 46 44 1 1 1 1
0 46 47 44 1 1 1 1
0 44 47 48 1 1 1 1
0 48 47 33 1 1 1 1
0 33 47 41 1 1 1 1
0 41 47 40 1 1 1 1
0 47 49 40 1 1 1 1
0 49 50 40 1 1 1 1
0 50 51 40 1 1 1 1
0 51 52 40 1 1 1 1
0 52 53 40 1 1 1 1
0 54 55 56 0 0 0 1
0 54 56 57 0 0 0 1
0 58 59 54 0 0 0 1
0 57 58 54 0 0 0 1
0 60 61 62 1 1 1 1
0 63 64 65 1 1 1 1
0 65 60 62 1 1 1 1
0 62 63 65 1 1 1 1

Materials: 2
"blackshine"
0.000000 0.000000 0.000000 1.000000
0.000000 0.000000 0.000000 1.000000
0.898039 0.898039 0.898039 1.000000
0.000000 0.000000 0.000000 1.000000
0.180000
1.000000
".\black sphere.png"
".\plastic sphere add.png"
"1 - Default"
0.737255 0.745098 0.000000 1.000000
0.737255 0.745098 0.000000 1.000000
0.898039 0.898039 0.898039 1.000000
0.000000 0.000000 0.000000 1.000000
0.100000
1.000000
".\yellow sphere.png"
".\yellowereflect sphere add.png"

Bones: 0
