// MilkShape 3D ASCII

Frames: 30
Frame: 1

Meshes: 2
"Bplus-inner" 0 0
148
0 -42.458199 16.182693 4.756126 0.192049 0.466810 -1
0 -1.319618 16.182693 4.756126 0.012960 0.409308 -1
0 1.359124 19.341419 10.286805 -0.011158 0.344739 -1
0 -45.136940 19.341419 10.286805 0.185573 0.434278 -1
0 -1.319618 5.371499 4.756127 0.038376 0.273950 -1
0 -42.458199 5.371499 4.756127 0.229975 0.464778 -1
0 -45.136925 2.212777 10.286805 0.242208 0.428766 -1
0 1.359124 2.212769 10.286805 -0.087642 0.078678 -1
0 -42.458199 -5.439704 4.756127 0.270283 0.464785 -1
0 -1.319618 -5.439704 4.756127 0.462101 0.275877 -1
0 1.359124 -2.280982 10.286805 0.585440 0.080423 -1
0 -45.136925 -2.280975 10.286805 0.258039 0.428771 -1
0 14.732461 22.998924 4.756127 0.909328 0.445130 -1
0 12.830560 25.218353 4.756127 0.925097 0.446998 -1
0 11.255334 22.612553 10.286805 0.926498 0.376900 -1
0 12.628716 21.009892 10.286805 0.913865 0.373532 -1
0 10.541863 26.550003 4.756127 0.939848 0.447493 -1
0 9.742486 23.492790 10.286805 0.937437 0.377661 -1
0 7.866417 26.993893 4.756126 0.954874 0.446669 -1
0 7.678887 23.835167 10.286805 0.950401 0.375937 -1
0 7.866417 26.993893 4.756126 -0.045126 0.446669 -1
0 -60.794914 26.993900 4.756126 0.183498 0.477284 -1
0 -58.116188 23.835167 10.286805 0.188059 0.448336 -1
0 7.678887 23.835167 10.286805 -0.049599 0.375937 -1
0 -60.794914 -26.991905 4.756127 0.316502 0.477284 -1
0 -58.116188 -23.833176 10.286805 0.311941 0.448336 -1
0 -42.458199 -16.180702 4.756126 0.307951 0.466810 -1
0 -45.136925 -19.339424 10.286805 0.314427 0.434278 -1
0 7.866417 -26.991905 4.756127 0.545126 0.446669 -1
0 7.697930 -23.833168 10.286805 0.549714 0.375963 -1
0 -1.319618 -16.180702 4.756126 0.487040 0.409308 -1
0 1.359124 -19.339424 10.286805 0.511158 0.344739 -1
0 15.902490 20.803509 4.756127 0.896127 0.442817 -1
0 13.483499 19.405987 10.286805 0.903357 0.369313 -1
0 16.604500 18.536194 4.756127 0.883741 0.439899 -1
0 13.980889 17.799595 10.286805 0.894034 0.364220 -1
0 16.838509 16.196957 4.756126 0.871909 0.436086 -1
0 14.159783 16.011299 10.286805 0.884755 0.357225 -1
0 16.838509 -16.194962 4.756126 0.628090 0.436086 -1
0 14.159783 -15.980613 10.286805 0.615386 0.357100 -1
0 16.472313 -19.362007 4.756127 0.612184 0.441139 -1
0 13.874078 -18.451363 10.286805 0.602603 0.366582 -1
0 15.373712 -22.097343 4.756127 0.596734 0.444347 -1
0 13.132318 -20.298225 10.286805 0.591384 0.371959 -1
0 13.542703 -24.400986 4.756127 0.580633 0.446280 -1
0 11.804284 -21.969063 10.286805 0.578463 0.375487 -1
0 11.691522 -25.840385 4.756127 0.567616 0.447126 -1
0 10.456689 -23.016907 10.286805 0.567860 0.377005 -1
0 9.799447 -26.704018 4.756127 0.555969 0.447277 -1
0 9.138360 -23.618652 10.286805 0.558747 0.377198 -1
0 -1.319618 16.182693 -4.713194 0.012960 0.589952 -1
0 -42.458199 16.182693 -4.713194 0.192049 0.532907 -1
0 1.359124 19.341419 -10.284804 -0.011158 0.655261 -1
0 -45.136940 19.341419 -10.284804 0.185573 0.565722 -1
0 -42.458199 5.371499 -4.713194 0.229975 0.534921 -1
0 -1.319618 5.371499 -4.713194 0.038376 0.724690 -1
0 -45.136925 2.212777 -10.284804 0.242208 0.571234 -1
0 1.359124 2.212769 -10.284804 -0.087642 0.921322 -1
0 -1.319618 -5.439704 -4.713194 0.462101 0.722766 -1
0 -42.458199 -5.439704 -4.713194 0.270283 0.534914 -1
0 1.359124 -2.280982 -10.284804 0.585440 0.919577 -1
0 -45.136925 -2.280975 -10.284804 0.258039 0.571229 -1
0 12.830560 25.218353 -4.713194 0.925097 0.552554 -1
0 14.732461 22.998924 -4.713194 0.909328 0.554407 -1
0 11.255334 22.612553 -10.284804 0.926498 0.623100 -1
0 12.628716 21.009892 -10.284804 0.913865 0.626468 -1
0 10.541863 26.550003 -4.713194 0.939848 0.552063 -1
0 9.742486 23.492790 -10.284804 0.937437 0.622339 -1
0 7.866417 26.993893 -4.713194 0.954874 0.552880 -1
0 7.678887 23.835167 -10.284804 0.950401 0.624063 -1
0 -60.794914 26.993900 -4.713194 0.183498 0.522521 -1
0 7.866417 26.993893 -4.713194 -0.045126 0.552880 -1
0 -58.116188 23.835167 -10.284804 0.188059 0.551664 -1
0 7.678887 23.835167 -10.284804 -0.049599 0.624063 -1
0 -60.794914 -26.991905 -4.713194 0.316502 0.522521 -1
0 -58.116188 -23.833176 -10.284804 0.311941 0.551664 -1
0 -42.458199 -16.180702 -4.713194 0.307951 0.532907 -1
0 -45.136925 -19.339424 -10.284804 0.314427 0.565722 -1
0 7.866417 -26.991905 -4.713194 0.545126 0.552880 -1
0 7.697930 -23.833168 -10.284804 0.549714 0.624037 -1
0 -1.319618 -16.180702 -4.713194 0.487040 0.589952 -1
0 1.359124 -19.339424 -10.284804 0.511158 0.655261 -1
0 15.902490 20.803509 -4.713194 0.896127 0.556701 -1
0 13.483499 19.405987 -10.284804 0.903357 0.630687 -1
0 16.604500 18.536194 -4.713194 0.883741 0.559596 -1
0 13.980889 17.799595 -10.284804 0.894034 0.635780 -1
0 16.838509 16.196957 -4.713194 0.871909 0.563379 -1
0 14.159783 16.011299 -10.284804 0.884755 0.642775 -1
0 16.838509 -16.194962 -4.713194 0.628090 0.563379 -1
0 14.159783 -15.980613 -10.284804 0.615386 0.642900 -1
0 16.472313 -19.362000 -4.713194 0.612184 0.558366 -1
0 13.874078 -18.451363 -10.284804 0.602603 0.633418 -1
0 15.373712 -22.097343 -4.713194 0.596734 0.555184 -1
0 13.132318 -20.298225 -10.284804 0.591384 0.628041 -1
0 13.542703 -24.400986 -4.713194 0.580633 0.553267 -1
0 11.804284 -21.969063 -10.284804 0.578463 0.624513 -1
0 11.691522 -25.840385 -4.713194 0.567616 0.552427 -1
0 10.456689 -23.016907 -10.284804 0.567860 0.622995 -1
0 9.799447 -26.704018 -4.713194 0.555969 0.552277 -1
0 9.138360 -23.618652 -10.284804 0.558747 0.622802 -1
0 46.041801 -4.917373 1.760949 0.733062 0.487907 -1
0 60.796913 -4.917373 1.760949 0.737152 0.490818 -1
0 58.583916 -2.704383 5.069363 0.742655 0.472559 -1
0 43.828804 -2.704383 5.069363 0.740188 0.463422 -1
0 60.796913 4.919365 1.760949 0.762848 0.490818 -1
0 58.583916 2.706376 5.069363 0.757345 0.472559 -1
0 46.041801 4.919365 1.760949 0.766938 0.487907 -1
0 43.828804 2.706376 5.069363 0.759812 0.463422 -1
0 36.205055 -19.672485 1.760949 0.670778 0.486412 -1
0 46.041801 -19.672485 1.760949 0.685730 0.488816 -1
0 43.828804 -17.459496 5.069363 0.689662 0.465934 -1
0 38.418053 -17.459496 5.069363 0.682106 0.461951 -1
0 36.205055 -4.917373 1.760949 0.728510 0.484679 -1
0 38.418053 -2.704383 5.069363 0.738811 0.458348 -1
0 21.449944 4.919365 1.760949 0.785875 0.474597 -1
0 21.449944 -4.917373 1.760949 0.714125 0.474597 -1
0 23.662941 -2.704383 5.069363 0.731882 0.433255 -1
0 23.662941 2.706376 5.069363 0.768118 0.433255 -1
0 36.205055 4.919365 1.760949 0.771490 0.484679 -1
0 38.418053 2.706376 5.069363 0.761189 0.458348 -1
0 36.205055 19.674484 1.760949 0.829222 0.486412 -1
0 38.418053 17.461491 5.069363 0.817894 0.461951 -1
0 46.041801 19.674484 1.760949 0.814270 0.488816 -1
0 43.828804 17.461491 5.069363 0.810338 0.465934 -1
0 60.796913 -4.917373 -1.758902 0.737152 0.509182 -1
0 46.041801 -4.917373 -1.758902 0.733062 0.512093 -1
0 58.583916 -2.704383 -5.067366 0.742655 0.527441 -1
0 43.828804 -2.704383 -5.067366 0.740188 0.536578 -1
0 60.796913 4.919365 -1.758902 0.762848 0.509182 -1
0 58.583916 2.706376 -5.067366 0.757345 0.527441 -1
0 46.041801 4.919365 -1.758902 0.766938 0.512093 -1
0 43.828804 2.706376 -5.067366 0.759812 0.536578 -1
0 46.041801 -19.672485 -1.758902 0.685730 0.511184 -1
0 36.205063 -19.672485 -1.758902 0.670778 0.513587 -1
0 43.828804 -17.459496 -5.067366 0.689662 0.534066 -1
0 38.418053 -17.459496 -5.067366 0.682106 0.538049 -1
0 36.205063 -4.917373 -1.758902 0.728510 0.515321 -1
0 38.418053 -2.704383 -5.067366 0.738811 0.541652 -1
0 21.449944 -4.917373 -1.758902 0.714125 0.525403 -1
0 21.449944 4.919365 -1.758902 0.785875 0.525403 -1
0 23.662941 -2.704383 -5.067366 0.731882 0.566745 -1
0 23.662941 2.706376 -5.067366 0.768118 0.566745 -1
0 36.205063 4.919365 -1.758902 0.771490 0.515321 -1
0 38.418053 2.706376 -5.067366 0.761189 0.541652 -1
0 36.205063 19.674480 -1.758902 0.829222 0.513587 -1
0 38.418053 17.461491 -5.067366 0.817894 0.538049 -1
0 46.041801 19.674480 -1.758902 0.814270 0.511184 -1
0 43.828804 17.461491 -5.067366 0.810338 0.534066 -1
154
0.000000 -0.868356 0.495942
0.000000 0.868356 0.495942
0.000000 0.868356 0.495942
0.000000 0.868355 0.495943
-0.000000 -0.868356 0.495942
0.000000 -0.868356 0.495942
-0.000000 -0.868355 0.495943
0.714223 0.526601 0.461060
0.523092 0.703843 0.480603
0.601298 0.643067 0.474242
0.752684 0.474117 0.456814
0.244404 0.833260 0.495929
0.344954 0.799471 0.491785
0.142260 0.857439 0.494531
0.142260 0.857439 0.494531
0.000000 0.868355 0.495943
0.000000 0.868355 0.495943
0.000000 0.868356 0.495942
-0.899994 0.000000 0.435903
-0.899994 0.000000 0.435903
-0.899994 0.000000 0.435903
0.899993 0.000000 0.435904
0.899993 0.000000 0.435905
0.899994 0.000001 0.435903
0.899994 -0.000000 0.435903
0.899994 -0.000000 0.435903
0.899994 0.000000 0.435903
0.000000 -0.868355 0.495943
0.085495 -0.864052 0.496090
0.042747 -0.867000 0.496472
0.000000 -0.868355 0.495943
0.000000 0.868356 0.495942
0.813453 0.369526 0.449159
0.836576 0.317856 0.446215
0.872845 0.207489 0.441690
0.885640 0.148684 0.439927
0.897597 0.059755 0.436748
0.899198 0.029877 0.436520
0.898934 -0.034482 0.436725
0.896799 -0.068967 0.437029
-0.899993 0.000000 0.435905
-0.899993 0.000000 0.435905
-0.899993 0.000000 0.435905
-0.899993 -0.000000 0.435905
-0.899993 -0.000000 0.435905
0.878281 -0.181275 0.442450
0.857240 -0.258561 0.445292
0.791338 -0.409552 0.453929
0.745586 -0.482901 0.459247
0.646323 -0.602598 0.468126
0.594554 -0.650329 0.472841
0.483219 -0.731362 0.481258
0.423824 -0.764881 0.485108
0.286391 -0.821748 0.492656
0.207625 -0.843501 0.495377
0.000000 -0.869923 -0.493187
0.000000 0.869923 -0.493187
0.000000 0.869923 -0.493187
0.000000 0.869923 -0.493188
0.000000 -0.869923 -0.493187
-0.000000 -0.869923 -0.493187
-0.000000 -0.869923 -0.493188
0.523972 0.705041 -0.477881
0.715335 0.527426 -0.458386
0.602284 0.644134 -0.471536
0.753834 0.474846 -0.454153
0.244839 0.834765 -0.493174
0.345561 0.800892 -0.489039
0.142515 0.858978 -0.491779
0.142515 0.858978 -0.491779
0.000000 0.869923 -0.493188
0.000000 0.869923 -0.493188
0.000000 0.869923 -0.493187
-0.901248 0.000000 -0.433303
-0.901248 0.000000 -0.433303
0.901247 0.000000 -0.433305
0.901248 0.000000 -0.433304
0.901248 0.000001 -0.433304
0.901248 0.000000 -0.433303
0.085649 -0.865612 -0.493335
0.000000 -0.869923 -0.493188
0.042824 -0.868568 -0.493716
0.000000 -0.869923 -0.493188
0.814656 0.370075 -0.446520
0.837797 0.318323 -0.443584
0.874094 0.207787 -0.439073
0.886897 0.148896 -0.437315
0.898853 0.059838 -0.434146
0.900455 0.029919 -0.433919
0.900191 -0.034531 -0.434123
0.898055 -0.069064 -0.434427
-0.901247 0.000000 -0.433305
-0.901247 0.000000 -0.433305
-0.901247 0.000000 -0.433305
0.879541 -0.181538 -0.439831
0.858486 -0.258940 -0.442664
0.792531 -0.410176 -0.451275
0.746736 -0.483653 -0.456579
0.647359 -0.603570 -0.465434
0.595526 -0.651398 -0.470137
0.484038 -0.732607 -0.478534
0.424553 -0.766204 -0.482376
0.286898 -0.823213 -0.489908
0.207996 -0.845021 -0.492623
0.000000 -1.000000 0.000000
0.000000 1.000000 0.000000
0.682358 0.731018 0.000000
0.845939 0.533280 0.000000
0.804666 0.593728 0.000000
0.595803 0.803130 0.000000
0.395585 0.918429 0.000000
0.280838 0.959755 0.000000
0.163675 0.986514 0.000000
0.000000 1.000000 0.000000
-1.000000 0.000000 0.000000
1.000000 0.000000 0.000000
0.049221 -0.998788 0.000000
0.098443 -0.995143 0.000000
0.934727 0.355367 0.000000
0.910375 0.413783 0.000000
0.986178 0.165689 0.000000
0.972861 0.231392 0.000000
0.999448 0.033217 0.000000
0.997791 0.066433 0.000000
0.997055 -0.076687 -0.000000
0.999265 -0.038344 0.000000
0.957319 -0.289033 -0.000000
0.979302 -0.202404 -0.000000
0.839014 -0.544110 0.000000
0.887840 -0.460153 -0.000000
0.674417 -0.738351 0.000000
0.731109 -0.682261 0.000000
0.484345 -0.874877 0.000000
0.550944 -0.834543 0.000000
0.238696 -0.971094 0.000000
0.328791 -0.944403 0.000000
0.000000 -0.831194 0.555983
0.831193 0.000000 0.555985
0.000000 0.831194 0.555983
-0.831193 0.000000 0.555985
-0.831193 0.000000 0.555985
0.000000 0.831193 0.555984
0.000000 0.831193 0.555984
0.831193 0.000000 0.555985
0.000000 -0.831197 -0.555978
0.831196 0.000000 -0.555979
0.831196 0.000000 -0.555979
0.000000 0.831197 -0.555978
-0.831197 0.000000 -0.555978
-0.831196 0.000000 -0.555979
-0.831196 0.000000 -0.555979
-1.000000 0.000000 -0.000002
-1.000000 0.000000 -0.000002
0.000000 1.000000 -0.000001
216
0 0 1 2 0 0 0 2
0 2 3 0 0 0 0 2
0 4 5 6 1 2 1 2
0 6 7 4 1 3 1 2
0 8 9 10 4 5 4 2
0 10 11 8 4 6 4 2
0 12 13 14 7 8 9 2
0 14 15 12 9 10 7 2
0 13 16 17 8 11 12 2
0 17 14 13 12 9 8 2
0 16 18 19 11 13 14 2
0 19 17 16 14 12 11 2
0 20 21 22 15 15 16 2
0 22 23 20 16 17 17 2
0 21 24 25 18 19 18 3
0 25 22 21 18 20 18 3
0 5 0 3 21 22 21 3
0 3 6 5 21 23 21 3
0 26 8 11 24 25 24 3
0 11 27 26 24 26 24 3
0 24 28 29 27 28 29 2
0 29 25 24 29 30 27 2
0 30 26 27 31 31 31 2
0 27 31 30 31 31 31 2
0 32 12 15 32 7 10 2
0 15 33 32 10 33 32 2
0 34 32 33 34 32 33 2
0 33 35 34 33 35 34 2
0 36 34 35 36 34 35 2
0 35 37 36 35 37 36 2
0 38 36 37 38 36 37 2
0 37 39 38 37 39 38 2
0 1 4 7 40 41 40 3
0 7 2 1 40 42 40 3
0 9 30 31 43 44 43 3
0 31 10 9 43 42 43 3
0 40 38 39 45 38 39 2
0 39 41 40 39 46 45 2
0 42 40 41 47 45 46 2
0 41 43 42 46 48 47 2
0 44 42 43 49 47 48 2
0 43 45 44 48 50 49 2
0 46 44 45 51 49 50 2
0 45 47 46 50 52 51 2
0 48 46 47 53 51 52 2
0 47 49 48 52 54 53 2
0 28 48 49 28 53 54 2
0 49 29 28 54 29 28 2
0 50 51 52 55 55 55 2
0 53 52 51 55 55 55 2
0 54 55 56 56 57 57 2
0 57 56 55 58 57 57 2
0 58 59 60 59 60 60 2
0 61 60 59 61 60 60 2
0 62 63 64 62 63 64 2
0 65 64 63 65 64 63 2
0 66 62 67 66 62 67 2
0 64 67 62 64 67 62 2
0 68 66 69 68 66 69 2
0 67 69 66 67 69 66 2
0 70 71 72 70 70 71 2
0 73 72 71 72 71 72 2
0 74 70 75 73 73 73 3
0 72 75 70 74 73 73 3
0 51 54 53 75 76 76 3
0 56 53 54 77 76 76 3
0 59 76 61 78 78 78 3
0 77 61 76 78 78 78 3
0 78 74 79 79 80 81 2
0 75 79 74 82 81 80 2
0 76 80 77 56 56 56 2
0 81 77 80 56 56 56 2
0 63 82 65 63 83 65 2
0 83 65 82 84 65 83 2
0 82 84 83 83 85 84 2
0 85 83 84 86 84 85 2
0 84 86 85 85 87 86 2
0 87 85 86 88 86 87 2
0 86 88 87 87 89 88 2
0 89 87 88 90 88 89 2
0 55 50 57 91 92 92 3
0 52 57 50 92 92 92 3
0 80 58 81 93 93 93 3
0 60 81 58 93 93 93 3
0 88 90 89 89 94 90 2
0 91 89 90 95 90 94 2
0 90 92 91 94 96 95 2
0 93 91 92 97 95 96 2
0 92 94 93 96 98 97 2
0 95 93 94 99 97 98 2
0 94 96 95 98 100 99 2
0 97 95 96 101 99 100 2
0 96 98 97 100 102 101 2
0 99 97 98 103 101 102 2
0 98 78 99 102 79 103 2
0 79 99 78 81 103 79 2
0 1 0 51 104 104 104 1
0 51 50 1 104 104 104 1
0 5 4 55 105 105 105 1
0 55 54 5 105 105 105 1
0 9 8 59 104 104 104 1
0 59 58 9 104 104 104 1
0 13 12 63 106 107 108 1
0 63 62 13 108 109 106 1
0 16 13 62 110 106 109 1
0 62 66 16 109 111 110 1
0 18 16 66 112 110 111 1
0 66 68 18 111 112 112 1
0 21 20 71 113 113 113 1
0 71 70 21 113 113 113 1
0 24 21 70 114 114 114 4
0 70 74 24 114 114 114 4
0 0 5 54 115 115 115 4
0 54 51 0 115 115 115 4
0 8 26 76 115 115 115 4
0 76 59 8 115 115 115 4
0 28 24 74 116 104 104 1
0 74 78 28 104 117 116 1
0 26 30 80 105 105 105 1
0 80 76 26 105 105 105 1
0 12 32 82 107 118 119 1
0 82 63 12 119 108 107 1
0 32 34 84 118 120 121 1
0 84 82 32 121 119 118 1
0 34 36 86 120 122 123 1
0 86 84 34 123 121 120 1
0 36 38 88 122 124 125 1
0 88 86 36 125 123 122 1
0 4 1 50 114 114 114 4
0 50 55 4 114 114 114 4
0 30 9 58 114 114 114 4
0 58 80 30 114 114 114 4
0 38 40 90 124 126 127 1
0 90 88 38 127 125 124 1
0 40 42 92 126 128 129 1
0 92 90 40 129 127 126 1
0 42 44 94 128 130 131 1
0 94 92 42 131 129 128 1
0 44 46 96 130 132 133 1
0 96 94 44 133 131 130 1
0 46 48 98 132 134 135 1
0 98 96 46 135 133 132 1
0 48 28 78 134 116 117 1
0 78 98 48 117 135 134 1
0 100 101 102 136 136 136 2
0 102 103 100 136 136 136 2
0 101 104 105 137 137 137 3
0 105 102 101 137 137 137 3
0 104 106 107 138 138 138 2
0 107 105 104 138 138 138 2
0 108 109 110 136 136 136 2
0 110 111 108 136 136 136 2
0 109 100 103 137 137 137 3
0 103 110 109 137 137 137 3
0 112 108 111 139 139 139 3
0 111 113 112 139 139 139 3
0 114 115 116 139 139 139 2
0 116 117 114 139 139 139 2
0 115 112 113 136 136 136 4
0 113 116 115 136 136 136 4
0 118 114 117 138 138 138 3
0 117 119 118 138 138 138 3
0 120 118 119 140 139 140 2
0 119 121 120 140 140 140 2
0 122 120 121 141 141 141 3
0 121 123 122 141 142 141 3
0 106 122 123 143 137 143 4
0 123 107 106 143 143 143 4
0 124 125 126 144 144 144 2
0 127 126 125 144 144 144 2
0 128 124 129 145 146 146 3
0 126 129 124 146 146 146 3
0 130 128 131 147 147 147 2
0 129 131 128 147 147 147 2
0 132 133 134 144 144 144 2
0 135 134 133 144 144 144 2
0 125 132 127 145 145 145 3
0 134 127 132 145 145 145 3
0 133 136 135 148 148 148 3
0 137 135 136 148 148 148 3
0 138 139 140 149 150 150 2
0 141 140 139 150 150 150 2
0 136 138 137 144 144 144 4
0 140 137 138 144 144 144 4
0 139 142 141 147 147 147 3
0 143 141 142 147 147 147 3
0 142 144 143 148 148 148 2
0 145 143 144 148 148 148 2
0 144 146 145 147 147 147 3
0 147 145 146 147 147 147 3
0 146 130 147 146 146 146 4
0 131 147 130 146 146 146 4
0 125 124 101 104 104 104 1
0 101 100 125 104 104 104 1
0 124 128 104 115 115 115 4
0 104 101 124 115 115 115 4
0 128 130 106 105 105 105 1
0 106 104 128 105 105 105 1
0 133 132 109 104 104 104 1
0 109 108 133 104 104 104 1
0 132 125 100 115 115 115 4
0 100 109 132 115 115 115 4
0 136 133 108 151 151 151 5
0 108 112 136 151 151 151 5
0 139 138 115 114 114 114 1
0 115 114 139 114 114 114 1
0 138 136 112 104 104 104 6
0 112 115 138 104 104 104 6
0 142 139 114 105 105 105 4
0 114 118 142 105 105 105 4
0 144 142 118 152 152 152 1
0 118 120 144 152 152 152 1
0 146 144 120 153 153 153 5
0 120 122 146 153 153 153 5
0 130 146 122 115 115 115 6
0 122 106 130 115 115 115 6
"Bplus-outer" 0 1
78
0 12.628716 21.009892 10.286805 -0.086135 0.373532 -1
0 -45.136940 19.341419 10.286805 0.185573 0.434278 -1
0 1.359124 19.341419 10.286805 -0.011158 0.344739 -1
0 -45.136925 -2.280975 10.286805 0.258039 0.428771 -1
0 1.359124 2.212769 10.286805 -0.087642 0.078678 -1
0 -45.136925 2.212777 10.286805 0.242208 0.428766 -1
0 1.359124 -2.280982 10.286805 0.585440 0.080423 -1
0 11.255334 22.612553 10.286805 -0.073502 0.376900 -1
0 9.742486 23.492790 10.286805 -0.062563 0.377661 -1
0 7.678887 23.835167 10.286805 -0.049599 0.375937 -1
0 -58.116188 23.835167 10.286805 0.188059 0.448336 -1
0 -58.116188 -23.833176 10.286805 0.311941 0.448336 -1
0 -45.136925 -19.339424 10.286805 0.314427 0.434278 -1
0 7.697930 -23.833168 10.286805 0.549714 0.375963 -1
0 1.359124 -19.339424 10.286805 0.511158 0.344739 -1
0 13.483499 19.405987 10.286805 0.903357 0.369313 -1
0 12.628716 21.009892 10.286805 0.913865 0.373532 -1
0 1.359124 19.341419 10.286805 0.988842 0.344739 -1
0 13.980889 17.799595 10.286805 0.894034 0.364220 -1
0 14.159783 16.011299 10.286805 0.884755 0.357225 -1
0 14.159783 -15.980613 10.286805 0.615386 0.357100 -1
0 1.359124 2.212769 10.286805 0.912358 0.078678 -1
0 13.874078 -18.451363 10.286805 0.602603 0.366582 -1
0 13.132318 -20.298225 10.286805 0.591384 0.371959 -1
0 11.804284 -21.969063 10.286805 0.578463 0.375487 -1
0 10.456689 -23.016907 10.286805 0.567860 0.377005 -1
0 9.138360 -23.618652 10.286805 0.558747 0.377198 -1
0 -45.136940 19.341419 -10.284804 0.185573 0.565722 -1
0 12.628716 21.009892 -10.284804 -0.086135 0.626468 -1
0 1.359124 19.341419 -10.284804 -0.011158 0.655261 -1
0 1.359124 2.212769 -10.284804 -0.087642 0.921322 -1
0 -45.136925 -2.280975 -10.284804 0.258039 0.571229 -1
0 -45.136925 2.212777 -10.284804 0.242208 0.571234 -1
0 1.359124 -2.280982 -10.284804 0.585440 0.919577 -1
0 11.255334 22.612553 -10.284804 -0.073502 0.623100 -1
0 9.742486 23.492790 -10.284804 -0.062563 0.622339 -1
0 7.678887 23.835167 -10.284804 -0.049599 0.624063 -1
0 -58.116188 23.835167 -10.284804 0.188059 0.551664 -1
0 -58.116188 -23.833176 -10.284804 0.311941 0.551664 -1
0 -45.136925 -19.339424 -10.284804 0.314427 0.565722 -1
0 7.697930 -23.833168 -10.284804 0.549714 0.624037 -1
0 1.359124 -19.339424 -10.284804 0.511158 0.655261 -1
0 12.628716 21.009892 -10.284804 0.913865 0.626468 -1
0 13.483499 19.405987 -10.284804 0.903357 0.630687 -1
0 1.359124 19.341419 -10.284804 0.988842 0.655261 -1
0 13.980889 17.799595 -10.284804 0.894034 0.635780 -1
0 14.159783 16.011299 -10.284804 0.884755 0.642775 -1
0 14.159783 -15.980613 -10.284804 0.615386 0.642900 -1
0 1.359124 2.212769 -10.284804 0.912358 0.921322 -1
0 13.874078 -18.451363 -10.284804 0.602603 0.633418 -1
0 13.132318 -20.298225 -10.284804 0.591384 0.628041 -1
0 11.804284 -21.969063 -10.284804 0.578463 0.624513 -1
0 10.456689 -23.016907 -10.284804 0.567860 0.622995 -1
0 9.138360 -23.618652 -10.284804 0.558747 0.622802 -1
0 43.828804 -2.704383 5.069363 0.740188 0.463422 -1
0 58.583916 -2.704383 5.069363 0.742655 0.472559 -1
0 58.583916 2.706376 5.069363 0.757345 0.472559 -1
0 43.828804 2.706376 5.069363 0.759812 0.463422 -1
0 38.418053 -17.459496 5.069363 0.682106 0.461951 -1
0 43.828804 -17.459496 5.069363 0.689662 0.465934 -1
0 38.418053 -2.704383 5.069363 0.738811 0.458348 -1
0 23.662941 2.706376 5.069363 0.768118 0.433255 -1
0 23.662941 -2.704383 5.069363 0.731882 0.433255 -1
0 38.418053 2.706376 5.069363 0.761189 0.458348 -1
0 38.418053 17.461491 5.069363 0.817894 0.461951 -1
0 43.828804 17.461491 5.069363 0.810338 0.465934 -1
0 58.583916 -2.704383 -5.067366 0.742655 0.527441 -1
0 43.828804 -2.704383 -5.067366 0.740188 0.536578 -1
0 58.583916 2.706376 -5.067366 0.757345 0.527441 -1
0 43.828804 2.706376 -5.067366 0.759812 0.536578 -1
0 43.828804 -17.459496 -5.067366 0.689662 0.534066 -1
0 38.418053 -17.459496 -5.067366 0.682106 0.538049 -1
0 38.418053 -2.704383 -5.067366 0.738811 0.541652 -1
0 23.662941 -2.704383 -5.067366 0.731882 0.566745 -1
0 23.662941 2.706376 -5.067366 0.768118 0.566745 -1
0 38.418053 2.706376 -5.067366 0.761189 0.541652 -1
0 38.418053 17.461491 -5.067366 0.817894 0.538049 -1
0 43.828804 17.461491 -5.067366 0.810338 0.534066 -1
2
0.000000 0.000000 1.000000
0.000000 0.000000 -1.000000
72
0 0 1 2 0 0 0 1
0 3 4 5 0 0 0 1
0 4 3 6 0 0 0 1
0 1 0 7 0 0 0 1
0 1 7 8 0 0 0 1
0 1 8 9 0 0 0 1
0 1 9 10 0 0 0 1
0 1 10 11 0 0 0 1
0 5 1 11 0 0 0 1
0 3 5 11 0 0 0 1
0 12 3 11 0 0 0 1
0 12 11 13 0 0 0 1
0 14 12 13 0 0 0 1
0 15 16 17 0 0 0 1
0 18 15 17 0 0 0 1
0 19 18 17 0 0 0 1
0 20 19 17 0 0 0 1
0 20 17 21 0 0 0 1
0 20 21 6 0 0 0 1
0 20 6 14 0 0 0 1
0 20 14 13 0 0 0 1
0 22 20 13 0 0 0 1
0 23 22 13 0 0 0 1
0 24 23 13 0 0 0 1
0 25 24 13 0 0 0 1
0 26 25 13 0 0 0 1
0 27 28 29 1 1 1 1
0 30 31 32 1 1 1 1
0 31 30 33 1 1 1 1
0 28 27 34 1 1 1 1
0 34 27 35 1 1 1 1
0 35 27 36 1 1 1 1
0 36 27 37 1 1 1 1
0 37 27 38 1 1 1 1
0 27 32 38 1 1 1 1
0 32 31 38 1 1 1 1
0 31 39 38 1 1 1 1
0 38 39 40 1 1 1 1
0 39 41 40 1 1 1 1
0 42 43 44 1 1 1 1
0 43 45 44 1 1 1 1
0 45 46 44 1 1 1 1
0 46 47 44 1 1 1 1
0 44 47 48 1 1 1 1
0 48 47 33 1 1 1 1
0 33 47 41 1 1 1 1
0 41 47 40 1 1 1 1
0 47 49 40 1 1 1 1
0 49 50 40 1 1 1 1
0 50 51 40 1 1 1 1
0 51 52 40 1 1 1 1
0 52 53 40 1 1 1 1
0 54 55 56 0 0 0 1
0 54 56 57 0 0 0 1
0 58 59 54 0 0 0 1
0 60 58 54 0 0 0 1
0 60 54 57 0 0 0 1
0 61 62 60 0 0 0 1
0 63 61 60 0 0 0 1
0 63 60 57 0 0 0 1
0 64 63 57 0 0 0 1
0 65 64 57 0 0 0 1
0 66 67 68 1 1 1 1
0 68 67 69 1 1 1 1
0 70 71 67 1 1 1 1
0 71 72 67 1 1 1 1
0 67 72 69 1 1 1 1
0 73 74 72 1 1 1 1
0 74 75 72 1 1 1 1
0 72 75 69 1 1 1 1
0 75 76 69 1 1 1 1
0 76 77 69 1 1 1 1

Materials: 2
"blackshine"
0.000000 0.000000 0.000000 1.000000
0.000000 0.000000 0.000000 1.000000
0.898039 0.898039 0.898039 1.000000
0.000000 0.000000 0.000000 1.000000
0.180000
1.000000
".\black sphere.png"
".\plastic sphere add.png"
"1 - Default"
0.737255 0.745098 0.000000 1.000000
0.737255 0.745098 0.000000 1.000000
0.898039 0.898039 0.898039 1.000000
0.000000 0.000000 0.000000 1.000000
0.100000
1.000000
".\yellow sphere.png"
".\yellowereflect sphere add.png"

Bones: 0
