// MilkShape 3D ASCII

Frames: 30
Frame: 1

Meshes: 2
"C-Inner" 0 0
120
0 -20.498100 16.092461 4.722706 0.144080 0.442947 -1
0 38.766396 16.092461 4.722706 -0.187380 0.464342 -1
0 35.405739 19.214882 10.279294 -0.170866 0.420478 -1
0 -23.150764 19.215004 10.279294 0.139751 0.395213 -1
0 38.523201 18.481560 4.722706 0.821191 0.464965 -1
0 37.793617 20.775139 4.722706 0.829992 0.465288 -1
0 35.405739 19.214882 10.279294 0.829134 0.420478 -1
0 36.577614 22.973228 4.722706 0.839253 0.465340 -1
0 34.521400 20.967979 10.279294 0.836871 0.420679 -1
0 34.672310 25.123314 4.722706 0.849796 0.465039 -1
0 33.147041 22.518913 10.279294 0.844973 0.420077 -1
0 32.361519 26.413353 4.722706 0.858947 0.464171 -1
0 31.598289 23.383522 10.279294 0.851395 0.418591 -1
0 29.645287 26.843361 4.722706 0.867112 0.462591 -1
0 29.467705 23.720833 10.279294 0.857870 0.415549 -1
0 29.645287 26.843361 4.722706 -0.132888 0.462591 -1
0 -29.643288 26.843361 4.722706 0.132888 0.462591 -1
0 -29.484734 23.720833 10.279294 0.142181 0.415581 -1
0 29.467705 23.720833 10.279294 -0.142130 0.415549 -1
0 -32.318764 -26.411827 4.722706 0.359047 0.464144 -1
0 -29.643303 -26.841362 4.722706 0.367112 0.462591 -1
0 -29.473976 -23.718834 10.279294 0.357848 0.415563 -1
0 -31.553825 -23.383186 10.279294 0.351502 0.418525 -1
0 -34.629539 -25.123238 4.722706 0.349891 0.465013 -1
0 -33.118370 -22.510735 10.279294 0.345013 0.420028 -1
0 -36.575630 -22.975578 4.722706 0.339267 0.465342 -1
0 -34.530632 -20.952187 10.279294 0.336802 0.420684 -1
0 -37.791618 -20.792412 4.722706 0.330054 0.465295 -1
0 -35.415245 -19.363960 10.279294 0.329636 0.420634 -1
0 -38.521202 -18.537727 4.722706 0.321386 0.464986 -1
0 -35.927696 -17.780281 10.279294 0.323142 0.420108 -1
0 -38.764397 -16.211540 4.722706 0.313044 0.464381 -1
0 -36.111717 -16.020119 10.279294 0.316456 0.418983 -1
0 -38.764397 16.106636 4.722706 0.187330 0.464346 -1
0 -36.111717 15.897836 10.279294 0.184002 0.418885 -1
0 -20.498100 -16.090462 4.722706 0.355920 0.442947 -1
0 -23.150764 -19.213005 10.279294 0.360249 0.395213 -1
0 -38.399498 19.304008 4.722706 0.175868 0.465170 -1
0 -35.825432 18.406487 10.279294 0.174468 0.420469 -1
0 -37.304802 22.024101 4.722706 0.165125 0.465443 -1
0 -35.091576 20.229973 10.279294 0.166775 0.420898 -1
0 -35.480324 24.266899 4.722706 0.154532 0.465175 -1
0 -33.775505 21.847786 10.279294 0.158625 0.420371 -1
0 -33.615990 25.698280 4.722706 0.146126 0.464627 -1
0 -32.411308 22.895164 10.279294 0.152125 0.419326 -1
0 -31.670311 26.557091 4.722706 0.138946 0.463793 -1
0 -31.037605 23.501518 10.279294 0.146859 0.417838 -1
0 38.766396 16.092461 4.722706 0.812620 0.464342 -1
0 38.766396 -16.090462 4.722706 0.687380 0.464342 -1
0 35.405739 -19.212883 10.279294 0.670866 0.420478 -1
0 37.793617 -20.773140 4.722706 0.670008 0.465288 -1
0 38.523201 -18.479561 4.722706 0.678809 0.464965 -1
0 36.577614 -22.971214 4.722706 0.660747 0.465340 -1
0 34.521400 -20.965981 10.279294 0.663129 0.420679 -1
0 34.672310 -25.121315 4.722706 0.650204 0.465039 -1
0 33.147041 -22.516914 10.279294 0.655027 0.420077 -1
0 32.361519 -26.411354 4.722706 0.641053 0.464171 -1
0 31.598289 -23.381523 10.279294 0.648605 0.418591 -1
0 29.645287 -26.841377 4.722706 0.632888 0.462591 -1
0 29.467690 -23.718834 10.279294 0.642130 0.415549 -1
0 38.766396 16.092461 -4.714519 -0.187380 0.535612 -1
0 -20.498100 16.092461 -4.714519 0.144080 0.556980 -1
0 35.405739 19.214882 -10.277293 -0.170866 0.579522 -1
0 -23.150764 19.215004 -10.277293 0.139751 0.604787 -1
0 37.793617 20.775139 -4.714519 0.829992 0.534667 -1
0 38.523201 18.481560 -4.714519 0.821191 0.534989 -1
0 35.405739 19.214882 -10.277293 0.829134 0.579522 -1
0 36.577614 22.973228 -4.714519 0.839253 0.534614 -1
0 34.521400 20.967979 -10.277293 0.836871 0.579321 -1
0 34.672310 25.123314 -4.714519 0.849796 0.534916 -1
0 33.147041 22.518913 -10.277293 0.844973 0.579923 -1
0 32.361519 26.413353 -4.714519 0.858947 0.535782 -1
0 31.598289 23.383522 -10.277293 0.851395 0.581409 -1
0 29.645287 26.843361 -4.714519 0.867112 0.537361 -1
0 29.467705 23.720833 -10.277293 0.857870 0.584451 -1
0 -29.643288 26.843361 -4.714519 0.132888 0.537361 -1
0 29.645287 26.843361 -4.714519 -0.132888 0.537361 -1
0 -29.484734 23.720833 -10.277293 0.142181 0.584419 -1
0 29.467705 23.720833 -10.277293 -0.142130 0.584451 -1
0 -29.643303 -26.841362 -4.714519 0.367112 0.537361 -1
0 -32.318764 -26.411842 -4.714519 0.359047 0.535809 -1
0 -29.473976 -23.718834 -10.277293 0.357848 0.584437 -1
0 -31.553825 -23.383186 -10.277293 0.351502 0.581475 -1
0 -34.629539 -25.123238 -4.714519 0.349891 0.534942 -1
0 -33.118370 -22.510735 -10.277293 0.345013 0.579972 -1
0 -36.575630 -22.975578 -4.714519 0.339267 0.534613 -1
0 -34.530632 -20.952187 -10.277293 0.336802 0.579316 -1
0 -37.791618 -20.792412 -4.714519 0.330054 0.534660 -1
0 -35.415245 -19.363960 -10.277293 0.329636 0.579366 -1
0 -38.521202 -18.537727 -4.714519 0.321386 0.534969 -1
0 -35.927696 -17.780281 -10.277293 0.323142 0.579892 -1
0 -38.764397 -16.211540 -4.714519 0.313044 0.535573 -1
0 -36.111717 -16.020119 -10.277293 0.316456 0.581017 -1
0 -38.764397 16.106636 -4.714519 0.187330 0.535607 -1
0 -36.111717 15.897836 -10.277293 0.184002 0.581115 -1
0 -20.498100 -16.090462 -4.714519 0.355920 0.556980 -1
0 -23.150764 -19.213005 -10.277293 0.360249 0.604787 -1
0 -38.399498 19.304008 -4.714519 0.175868 0.534785 -1
0 -35.825432 18.406487 -10.277293 0.174468 0.579531 -1
0 -37.304802 22.024101 -4.714519 0.165125 0.534512 -1
0 -35.091576 20.229973 -10.277293 0.166775 0.579102 -1
0 -35.480324 24.266899 -4.714519 0.154532 0.534780 -1
0 -33.775505 21.847786 -10.277293 0.158625 0.579629 -1
0 -33.615990 25.698280 -4.714519 0.146126 0.535327 -1
0 -32.411308 22.895164 -10.277293 0.152125 0.580674 -1
0 -31.670311 26.557091 -4.714519 0.138946 0.536160 -1
0 -31.037605 23.501518 -10.277293 0.146859 0.582162 -1
0 38.766396 16.092461 -4.714519 0.812620 0.535612 -1
0 38.766396 -16.090462 -4.714519 0.687380 0.535612 -1
0 35.405739 -19.212883 -10.277293 0.670866 0.579522 -1
0 38.523201 -18.479561 -4.714519 0.678809 0.534989 -1
0 37.793617 -20.773140 -4.714519 0.670008 0.534667 -1
0 36.577614 -22.971214 -4.714519 0.660747 0.534614 -1
0 34.521400 -20.965981 -10.277293 0.663129 0.579321 -1
0 34.672310 -25.121315 -4.714519 0.650204 0.534916 -1
0 33.147041 -22.516914 -10.277293 0.655027 0.579923 -1
0 32.361519 -26.411354 -4.714519 0.641053 0.535782 -1
0 31.598289 -23.381523 -10.277293 0.648605 0.581409 -1
0 29.645287 -26.841377 -4.714519 0.632888 0.537361 -1
0 29.467690 -23.718834 -10.277293 0.642130 0.584451 -1
179
-0.000001 -0.871783 0.489892
0.000000 -0.871787 0.489885
-0.000002 -0.871779 0.489899
0.867703 0.181114 0.462913
0.813256 0.369796 0.449295
0.854168 0.271709 0.443363
0.707418 0.539594 0.456507
0.751676 0.477024 0.455445
0.795320 0.401194 0.454433
0.512283 0.715004 0.475747
0.591953 0.655082 0.469530
0.236228 0.839112 0.489987
0.334575 0.807293 0.486146
0.136426 0.861761 0.488627
0.136429 0.861760 0.488628
0.000000 0.871780 0.489897
-0.081463 0.867888 0.490035
-0.040732 0.870560 0.490374
-0.237566 -0.838831 0.489822
-0.069330 -0.868779 0.490323
-0.069501 -0.868729 0.490388
-0.335123 -0.807119 0.486057
-0.509421 -0.717084 0.475689
-0.586870 -0.659526 0.469690
-0.702633 -0.545273 0.457148
-0.744025 -0.491368 0.452753
-0.809199 -0.383908 0.444761
-0.833920 -0.330875 0.441700
-0.872967 -0.216713 0.436994
-0.886852 -0.155441 0.435122
-0.899829 -0.062594 0.431729
-0.901577 -0.031297 0.431485
-0.901414 0.034133 0.431612
-0.899334 0.068264 0.431901
0.902440 0.000000 0.430816
-0.880880 0.181114 0.437319
-0.859687 0.259281 0.440126
-0.791803 0.414001 0.449055
-0.743835 0.490039 0.454500
-0.642450 0.610669 0.462970
-0.591308 0.657113 0.467501
-0.478743 0.737745 0.475960
-0.417229 0.771816 0.479812
-0.278431 0.827864 0.486947
-0.200607 0.848616 0.489497
0.873626 0.088929 0.478402
0.000000 0.871787 0.489885
-0.000001 0.871783 0.489892
-0.000002 0.871779 0.489899
0.813255 -0.369797 0.449295
0.867703 -0.181114 0.462913
0.848595 -0.256226 0.462854
0.707418 -0.539594 0.456506
0.751676 -0.477025 0.455445
0.512284 -0.715003 0.475747
0.591954 -0.655082 0.469530
0.236229 -0.839111 0.489988
0.334574 -0.807293 0.486146
0.045572 -0.870251 0.490496
0.091144 -0.866903 0.490073
0.873626 -0.088929 0.478402
0.000000 -0.872020 -0.489470
-0.000001 -0.872016 -0.489477
-0.000002 -0.872012 -0.489484
0.813438 0.369879 -0.448897
0.867910 0.181155 -0.462509
0.854355 0.271769 -0.442967
0.707581 0.539719 -0.456105
0.751849 0.477134 -0.455044
0.795503 0.401286 -0.454031
0.512411 0.715185 -0.475337
0.592097 0.655244 -0.469123
0.236290 0.839336 -0.489573
0.334662 0.807505 -0.485733
0.136462 0.861990 -0.488213
0.136465 0.861988 -0.488214
-0.081484 0.868120 -0.489621
0.000000 0.872013 -0.489483
-0.040743 0.870793 -0.489960
0.000000 0.872013 -0.489483
-0.069346 -0.869011 -0.489909
-0.237629 -0.839054 -0.489409
-0.069518 -0.868961 -0.489974
-0.335211 -0.807330 -0.485645
-0.509549 -0.717264 -0.475280
-0.587013 -0.659689 -0.469283
-0.702796 -0.545401 -0.456746
-0.744194 -0.491480 -0.452352
-0.809376 -0.383993 -0.444364
-0.834101 -0.330947 -0.441305
-0.873153 -0.216760 -0.436600
-0.887039 -0.155474 -0.434730
-0.900015 -0.062607 -0.431338
-0.901764 -0.031304 -0.431095
-0.901600 0.034140 -0.431221
-0.899521 0.068278 -0.431510
0.902626 0.000000 -0.430426
-0.881067 0.181153 -0.436926
-0.859872 0.259337 -0.439732
-0.791980 0.414095 -0.448656
-0.744005 0.490153 -0.454099
-0.642603 0.610815 -0.462566
-0.591451 0.657273 -0.467094
-0.478863 0.737931 -0.475551
-0.417336 0.772014 -0.479401
-0.278504 0.828082 -0.486534
-0.200660 0.848843 -0.489083
0.873849 0.088952 -0.477992
-0.000001 0.872016 -0.489477
0.000000 0.872020 -0.489470
-0.000002 0.872012 -0.489484
0.867910 -0.181155 -0.462509
0.813438 -0.369880 -0.448896
0.848798 -0.256286 -0.462450
0.707582 -0.539720 -0.456104
0.751849 -0.477135 -0.455043
0.512412 -0.715184 -0.475337
0.592098 -0.655243 -0.469123
0.236291 -0.839335 -0.489574
0.334661 -0.807505 -0.485733
0.045584 -0.870484 -0.490082
0.091168 -0.867135 -0.489658
0.873849 -0.088952 -0.477992
0.000000 -1.000000 0.000000
0.971518 0.236966 0.000000
0.904912 0.425599 0.000000
0.930999 0.365023 0.000000
0.985554 0.169359 0.000000
0.794888 0.606757 0.000000
0.837316 0.546720 0.000000
0.581739 0.813375 0.000000
0.669836 0.742509 0.000000
0.270440 0.962737 0.000000
0.382339 0.924022 0.000000
0.156363 0.987700 0.000000
0.000000 1.000000 0.000000
-0.093430 0.995626 0.000000
-0.046715 0.998908 0.000000
-0.271698 -0.962383 0.000001
-0.052986 -0.998595 0.000000
-0.105974 -0.994369 0.000001
-0.382708 -0.923870 0.000001
-0.578508 -0.815677 0.000000
-0.664178 -0.747575 0.000000
-0.789782 -0.613388 0.000000
-0.834239 -0.551404 0.000000
-0.903383 -0.428835 0.000000
-0.929427 -0.369006 0.000000
-0.970507 -0.241072 0.000000
-0.984961 -0.172779 0.000000
-0.997589 -0.069403 0.000000
-0.999398 -0.034702 0.000000
-0.999283 0.037850 0.000000
-0.997131 0.075701 0.000000
1.000000 0.000000 0.000000
-0.979456 0.201659 0.000000
-0.957325 0.289013 0.000000
-0.885895 0.463885 0.000000
-0.834734 0.550654 0.000000
-0.724523 0.689251 0.000000
-0.668600 0.743623 0.000000
-0.544041 0.839058 0.000000
-0.475213 0.879871 0.000000
-0.318495 0.947924 0.000000
-0.229760 0.973247 0.000000
0.994859 0.101270 0.000000
0.930998 -0.365024 0.000000
0.985554 -0.169359 0.000000
0.971518 -0.236966 0.000000
0.904911 -0.425600 0.000000
0.837315 -0.546720 0.000000
0.794888 -0.606756 0.000000
0.669837 -0.742508 0.000000
0.581740 -0.813375 0.000000
0.382341 -0.924021 0.000000
0.270443 -0.962736 0.000000
0.104532 -0.994522 0.000000
0.052266 -0.998633 0.000000
0.994859 -0.101270 0.000000
172
0 0 1 2 0 1 0 2
0 2 3 0 0 2 0 2
0 4 5 6 3 4 5 3
0 5 7 8 4 6 7 3
0 8 6 5 7 8 4 3
0 7 9 10 6 9 10 3
0 10 8 7 10 7 6 3
0 9 11 12 9 11 12 3
0 12 10 9 12 10 9 3
0 11 13 14 11 13 14 3
0 14 12 11 14 12 11 3
0 15 16 17 15 16 17 3
0 17 18 15 17 15 15 3
0 19 20 21 18 19 20 3
0 21 22 19 20 21 18 3
0 23 19 22 22 18 21 3
0 22 24 23 21 23 22 3
0 25 23 24 24 22 23 3
0 24 26 25 23 25 24 3
0 27 25 26 26 24 25 3
0 26 28 27 25 27 26 3
0 29 27 28 28 26 27 3
0 28 30 29 27 29 28 3
0 31 29 30 30 28 29 3
0 30 32 31 29 31 30 3
0 33 31 32 32 30 31 3
0 32 34 33 31 33 32 3
0 35 0 3 34 34 34 3
0 3 36 35 34 34 34 3
0 37 33 34 35 32 33 3
0 34 38 37 33 36 35 3
0 39 37 38 37 35 36 3
0 38 40 39 36 38 37 3
0 41 39 40 39 37 38 3
0 40 42 41 38 40 39 3
0 43 41 42 41 39 40 3
0 42 44 43 40 42 41 3
0 45 43 44 43 41 42 3
0 44 46 45 42 44 43 3
0 16 45 46 16 43 44 3
0 46 17 16 44 17 16 3
0 47 4 6 45 3 45 3
0 48 35 49 46 47 47 2
0 36 49 35 48 47 47 2
0 50 51 49 49 50 51 3
0 52 50 53 52 49 53 3
0 49 53 50 51 53 49 3
0 54 52 55 54 52 55 3
0 53 55 52 53 55 52 3
0 56 54 57 56 54 57 3
0 55 57 54 55 57 54 3
0 58 56 59 58 56 59 3
0 57 59 56 57 59 56 3
0 20 58 21 19 58 20 3
0 59 21 58 59 20 58 3
0 51 48 49 50 60 51 3
0 60 61 62 61 62 62 2
0 63 62 61 63 62 62 2
0 64 65 66 64 65 66 3
0 67 64 68 67 64 68 3
0 66 68 64 69 68 64 3
0 69 67 70 70 67 71 3
0 68 70 67 68 71 67 3
0 71 69 72 72 70 73 3
0 70 72 69 71 73 70 3
0 73 71 74 74 72 75 3
0 72 74 71 73 75 72 3
0 75 76 77 76 77 78 3
0 78 77 76 79 78 79 3
0 79 80 81 80 81 82 3
0 82 81 80 83 82 81 3
0 80 83 82 81 84 83 3
0 84 82 83 85 83 84 3
0 83 85 84 84 86 85 3
0 86 84 85 87 85 86 3
0 85 87 86 86 88 87 3
0 88 86 87 89 87 88 3
0 87 89 88 88 90 89 3
0 90 88 89 91 89 90 3
0 89 91 90 90 92 91 3
0 92 90 91 93 91 92 3
0 91 93 92 92 94 93 3
0 94 92 93 95 93 94 3
0 61 95 63 96 96 96 3
0 96 63 95 96 96 96 3
0 93 97 94 94 97 95 3
0 98 94 97 98 95 97 3
0 97 99 98 97 99 98 3
0 100 98 99 100 98 99 3
0 99 101 100 99 101 100 3
0 102 100 101 102 100 101 3
0 101 103 102 101 103 102 3
0 104 102 103 104 102 103 3
0 103 105 104 103 105 104 3
0 106 104 105 106 104 105 3
0 105 75 106 105 76 106 3
0 77 106 75 78 106 76 3
0 65 107 66 65 107 107 3
0 95 108 109 108 109 108 2
0 109 96 95 108 110 108 2
0 110 111 109 111 112 113 3
0 111 112 113 112 114 115 3
0 113 109 111 115 113 112 3
0 112 114 115 114 116 117 3
0 115 113 112 117 115 114 3
0 114 116 117 116 118 119 3
0 117 115 114 119 117 116 3
0 116 118 119 118 120 121 3
0 119 117 116 121 119 118 3
0 118 79 81 120 80 82 3
0 81 119 118 82 121 120 3
0 108 110 109 122 111 113 3
0 61 60 1 123 123 123 1
0 1 0 61 123 123 123 1
0 65 64 5 124 125 126 4
0 5 4 65 126 127 124 4
0 64 67 7 125 128 129 4
0 7 5 64 129 126 125 4
0 67 69 9 128 130 131 4
0 9 7 67 131 129 128 4
0 69 71 11 130 132 133 4
0 11 9 69 133 131 130 4
0 71 73 13 132 134 134 4
0 13 11 71 134 133 132 4
0 76 75 16 135 136 137 4
0 16 15 76 137 135 135 4
0 80 79 20 138 139 140 4
0 20 19 80 140 141 138 4
0 83 80 19 142 138 141 4
0 19 23 83 141 143 142 4
0 85 83 23 144 142 143 4
0 23 25 85 143 145 144 4
0 87 85 25 146 144 145 4
0 25 27 87 145 147 146 4
0 89 87 27 148 146 147 4
0 27 29 89 147 149 148 4
0 91 89 29 150 148 149 4
0 29 31 91 149 151 150 4
0 93 91 31 152 150 151 4
0 31 33 93 151 153 152 4
0 95 61 0 154 154 154 4
0 0 35 95 154 154 154 4
0 97 93 33 155 152 153 4
0 33 37 97 153 156 155 4
0 99 97 37 157 155 156 4
0 37 39 99 156 158 157 4
0 101 99 39 159 157 158 4
0 39 41 101 158 160 159 4
0 103 101 41 161 159 160 4
0 41 43 103 160 162 161 4
0 105 103 43 163 161 162 4
0 43 45 105 162 164 163 4
0 75 105 45 136 163 164 4
0 45 16 75 164 137 136 4
0 107 65 4 165 124 127 4
0 4 47 107 127 165 165 4
0 108 95 35 135 135 135 1
0 35 48 108 135 135 135 1
0 111 110 51 166 167 168 4
0 51 50 111 168 169 166 4
0 112 111 50 170 166 169 4
0 50 52 112 169 171 170 4
0 114 112 52 172 170 171 4
0 52 54 114 171 173 172 4
0 116 114 54 174 172 173 4
0 54 56 116 173 175 174 4
0 118 116 56 176 174 175 4
0 56 58 118 175 177 176 4
0 79 118 58 139 176 177 4
0 58 20 79 177 140 139 4
0 110 108 48 167 178 178 4
0 48 51 110 178 168 167 4
"C-Outer" 0 1
52
0 -23.150764 19.215004 10.279294 0.139751 0.395213 -1
0 35.405739 19.214882 10.279294 -0.170866 0.420478 -1
0 34.521400 20.967979 10.279294 -0.163129 0.420679 -1
0 33.147041 22.518913 10.279294 -0.155027 0.420077 -1
0 31.598289 23.383522 10.279294 -0.148605 0.418591 -1
0 29.467705 23.720833 10.279294 -0.142130 0.415549 -1
0 -29.484734 23.720833 10.279294 0.142181 0.415581 -1
0 -31.553825 -23.383186 10.279294 0.351502 0.418525 -1
0 -29.473976 -23.718834 10.279294 0.357848 0.415563 -1
0 -23.150764 -19.213005 10.279294 0.360249 0.395213 -1
0 -33.118370 -22.510735 10.279294 0.345013 0.420028 -1
0 -34.530632 -20.952187 10.279294 0.336802 0.420684 -1
0 -35.415245 -19.363960 10.279294 0.329636 0.420634 -1
0 -35.927696 -17.780281 10.279294 0.323142 0.420108 -1
0 -36.111717 -16.020119 10.279294 0.316456 0.418983 -1
0 -36.111717 15.897836 10.279294 0.184002 0.418885 -1
0 -35.825432 18.406487 10.279294 0.174468 0.420469 -1
0 -35.091576 20.229973 10.279294 0.166775 0.420898 -1
0 -33.775505 21.847786 10.279294 0.158625 0.420371 -1
0 -32.411308 22.895164 10.279294 0.152125 0.419326 -1
0 -31.037605 23.501518 10.279294 0.146859 0.417838 -1
0 35.405739 -19.212883 10.279294 0.670866 0.420478 -1
0 34.521400 -20.965981 10.279294 0.663129 0.420679 -1
0 33.147041 -22.516914 10.279294 0.655027 0.420077 -1
0 31.598289 -23.381523 10.279294 0.648605 0.418591 -1
0 29.467690 -23.718834 10.279294 0.642130 0.415549 -1
0 35.405739 19.214882 -10.277293 -0.170866 0.579522 -1
0 -23.150764 19.215004 -10.277293 0.139751 0.604787 -1
0 34.521400 20.967979 -10.277293 -0.163129 0.579321 -1
0 33.147041 22.518913 -10.277293 -0.155027 0.579923 -1
0 31.598289 23.383522 -10.277293 -0.148605 0.581409 -1
0 29.467705 23.720833 -10.277293 -0.142130 0.584451 -1
0 -29.484734 23.720833 -10.277293 0.142181 0.584419 -1
0 -29.473976 -23.718834 -10.277293 0.357848 0.584437 -1
0 -31.553825 -23.383186 -10.277293 0.351502 0.581475 -1
0 -23.150764 -19.213005 -10.277293 0.360249 0.604787 -1
0 -33.118370 -22.510735 -10.277293 0.345013 0.579972 -1
0 -34.530632 -20.952187 -10.277293 0.336802 0.579316 -1
0 -35.415245 -19.363960 -10.277293 0.329636 0.579366 -1
0 -35.927696 -17.780281 -10.277293 0.323142 0.579892 -1
0 -36.111717 -16.020119 -10.277293 0.316456 0.581017 -1
0 -36.111717 15.897836 -10.277293 0.184002 0.581115 -1
0 -35.825432 18.406487 -10.277293 0.174468 0.579531 -1
0 -35.091576 20.229973 -10.277293 0.166775 0.579102 -1
0 -33.775505 21.847786 -10.277293 0.158625 0.579629 -1
0 -32.411308 22.895164 -10.277293 0.152125 0.580674 -1
0 -31.037605 23.501518 -10.277293 0.146859 0.582162 -1
0 35.405739 -19.212883 -10.277293 0.670866 0.579522 -1
0 34.521400 -20.965981 -10.277293 0.663129 0.579321 -1
0 33.147041 -22.516914 -10.277293 0.655027 0.579923 -1
0 31.598289 -23.381523 -10.277293 0.648605 0.581409 -1
0 29.467690 -23.718834 -10.277293 0.642130 0.584451 -1
2
0.000000 0.000000 1.000000
0.000000 0.000000 -1.000000
48
0 0 1 2 0 0 0 1
0 0 2 3 0 0 0 1
0 0 3 4 0 0 0 1
0 0 4 5 0 0 0 1
0 0 5 6 0 0 0 1
0 7 8 9 0 0 0 1
0 10 7 9 0 0 0 1
0 11 10 9 0 0 0 1
0 12 11 9 0 0 0 1
0 13 12 9 0 0 0 1
0 14 13 9 0 0 0 1
0 15 14 9 0 0 0 1
0 15 9 0 0 0 0 1
0 15 0 6 0 0 0 1
0 16 15 6 0 0 0 1
0 17 16 6 0 0 0 1
0 18 17 6 0 0 0 1
0 19 18 6 0 0 0 1
0 20 19 6 0 0 0 1
0 21 9 22 0 0 0 1
0 22 9 23 0 0 0 1
0 23 9 24 0 0 0 1
0 24 9 25 0 0 0 1
0 25 9 8 0 0 0 1
0 26 27 28 1 1 1 1
0 28 27 29 1 1 1 1
0 29 27 30 1 1 1 1
0 30 27 31 1 1 1 1
0 31 27 32 1 1 1 1
0 33 34 35 1 1 1 1
0 34 36 35 1 1 1 1
0 36 37 35 1 1 1 1
0 37 38 35 1 1 1 1
0 38 39 35 1 1 1 1
0 39 40 35 1 1 1 1
0 40 41 35 1 1 1 1
0 35 41 27 1 1 1 1
0 27 41 32 1 1 1 1
0 41 42 32 1 1 1 1
0 42 43 32 1 1 1 1
0 43 44 32 1 1 1 1
0 44 45 32 1 1 1 1
0 45 46 32 1 1 1 1
0 35 47 48 1 1 1 1
0 35 48 49 1 1 1 1
0 35 49 50 1 1 1 1
0 35 50 51 1 1 1 1
0 35 51 33 1 1 1 1

Materials: 2
"blackshine"
0.000000 0.000000 0.000000 1.000000
0.000000 0.000000 0.000000 1.000000
0.898039 0.898039 0.898039 1.000000
0.000000 0.000000 0.000000 1.000000
0.180000
1.000000
".\black sphere.png"
".\plastic sphere add.png"
"1 - Default"
0.000000 0.690196 0.047059 1.000000
0.000000 0.690196 0.047059 1.000000
0.898039 0.898039 0.898039 1.000000
0.000000 0.000000 0.000000 1.000000
0.100000
1.000000
".\green sphere.png"
".\greenreflect sphere add.png"

Bones: 0
