// MilkShape 3D ASCII

Frames: 30
Frame: 1

Meshes: 2
"Cminus-inner" 0 0
144
0 -39.991829 16.092461 4.722706 0.189117 0.465274 -1
0 19.272636 16.092461 4.722706 -0.139274 0.440827 -1
0 15.911981 19.214882 10.279294 -0.110078 0.375599 -1
0 -42.644508 19.215004 10.279294 0.182628 0.431148 -1
0 19.029472 18.481560 4.722706 0.872675 0.443927 -1
0 18.299858 20.775139 4.722706 0.885069 0.446228 -1
0 15.911981 19.214882 10.279294 0.889922 0.375599 -1
0 17.083885 22.973221 4.722706 0.898234 0.447968 -1
0 15.027673 20.967979 10.279294 0.901032 0.379306 -1
0 15.178582 25.123306 4.722706 0.913505 0.449229 -1
0 13.653283 22.518913 10.279294 0.913256 0.381547 -1
0 12.867791 26.413353 4.722706 0.927853 0.449277 -1
0 12.104547 23.383530 10.279294 0.923979 0.381531 -1
0 10.151544 26.843376 4.722706 0.942460 0.448092 -1
0 9.973962 23.720833 10.279294 0.936655 0.379032 -1
0 10.151544 26.843376 4.722706 -0.057540 0.448092 -1
0 -49.137032 26.843376 4.722706 0.170427 0.473221 -1
0 -48.978462 23.720833 10.279294 0.178222 0.440582 -1
0 9.973962 23.720833 10.279294 -0.063345 0.379032 -1
0 -51.812508 -26.411835 4.722706 0.325031 0.474213 -1
0 -49.137032 -26.841370 4.722706 0.329573 0.473221 -1
0 -48.967720 -23.718826 10.279294 0.321791 0.440571 -1
0 -51.047585 -23.383194 10.279294 0.318365 0.442371 -1
0 -54.123299 -25.123238 4.722706 0.319168 0.474865 -1
0 -52.612129 -22.510735 10.279294 0.314347 0.443433 -1
0 -56.069374 -22.975578 4.722706 0.311897 0.475247 -1
0 -54.024391 -20.952187 10.279294 0.308884 0.444121 -1
0 -57.285347 -20.792404 4.722706 0.305415 0.475388 -1
0 -54.908974 -19.363960 10.279294 0.303961 0.444382 -1
0 -58.014931 -18.537727 4.722706 0.299225 0.475372 -1
0 -55.421455 -17.780281 10.279294 0.299411 0.444364 -1
0 -58.258156 -16.211540 4.722706 0.293197 0.475197 -1
0 -55.605476 -16.020119 10.279294 0.294646 0.444047 -1
0 -58.258156 16.106644 4.722706 0.207074 0.475185 -1
0 -55.605476 15.897843 10.279294 0.205683 0.444014 -1
0 -39.991829 -16.090462 4.722706 0.310883 0.465274 -1
0 -42.644508 -19.212997 10.279294 0.317372 0.431148 -1
0 -57.893227 19.304008 4.722706 0.198780 0.475421 -1
0 -55.319160 18.406487 10.279294 0.198881 0.444454 -1
0 -56.798561 22.024109 4.722706 0.191131 0.475378 -1
0 -54.585304 20.229973 10.279294 0.193517 0.444372 -1
0 -54.974068 24.266907 4.722706 0.183843 0.475040 -1
0 -53.269264 21.847786 10.279294 0.188058 0.443769 -1
0 -53.109718 25.698273 4.722706 0.178279 0.474581 -1
0 -51.905037 22.895164 10.279294 0.183887 0.442949 -1
0 -51.164040 26.557098 4.722706 0.173804 0.473986 -1
0 -50.531349 23.501518 10.279294 0.180719 0.441946 -1
0 19.272636 16.092461 4.722706 0.860726 0.440827 -1
0 19.272636 -16.090462 4.722706 0.639274 0.440827 -1
0 15.911981 -19.212875 10.279294 0.610078 0.375599 -1
0 18.299858 -20.773140 4.722706 0.614931 0.446228 -1
0 19.029472 -18.479553 4.722706 0.627325 0.443927 -1
0 17.083885 -22.971222 4.722706 0.601766 0.447968 -1
0 15.027673 -20.965981 10.279294 0.598968 0.379306 -1
0 15.178582 -25.121307 4.722706 0.586495 0.449229 -1
0 13.653283 -22.516914 10.279294 0.586744 0.381547 -1
0 12.867791 -26.411346 4.722706 0.572147 0.449277 -1
0 12.104547 -23.381531 10.279294 0.576021 0.381531 -1
0 10.151544 -26.841377 4.722706 0.557540 0.448092 -1
0 9.973962 -23.718834 10.279294 0.563345 0.379032 -1
0 19.272667 16.092461 -4.714519 -0.139274 0.559097 -1
0 -39.991829 16.092461 -4.714519 0.189117 0.534681 -1
0 15.911981 19.214882 -10.277293 -0.110078 0.624401 -1
0 -42.644508 19.215004 -10.277293 0.182628 0.568852 -1
0 18.299858 20.775139 -4.714519 0.885069 0.553703 -1
0 19.029472 18.481560 -4.714519 0.872675 0.556001 -1
0 15.911981 19.214882 -10.277293 0.889922 0.624401 -1
0 17.083885 22.973221 -4.714519 0.898234 0.551965 -1
0 15.027673 20.967979 -10.277293 0.901032 0.620694 -1
0 15.178582 25.123306 -4.714519 0.913505 0.550706 -1
0 13.653283 22.518913 -10.277293 0.913256 0.618453 -1
0 12.867791 26.413353 -4.714519 0.927853 0.550658 -1
0 12.104547 23.383530 -10.277293 0.923979 0.618469 -1
0 10.151544 26.843376 -4.714519 0.942460 0.551841 -1
0 9.973962 23.720833 -10.277293 0.936655 0.620968 -1
0 -49.137032 26.843376 -4.714519 0.170427 0.526744 -1
0 10.151544 26.843376 -4.714519 -0.057540 0.551841 -1
0 -48.978462 23.720833 -10.277293 0.178222 0.559418 -1
0 9.973962 23.720833 -10.277293 -0.063345 0.620968 -1
0 -49.137032 -26.841370 -4.714519 0.329573 0.526744 -1
0 -51.812508 -26.411835 -4.714519 0.325031 0.525753 -1
0 -48.967720 -23.718834 -10.277293 0.321791 0.559429 -1
0 -51.047585 -23.383194 -10.277293 0.318365 0.557629 -1
0 -54.123299 -25.123238 -4.714519 0.319168 0.525102 -1
0 -52.612129 -22.510735 -10.277293 0.314347 0.556567 -1
0 -56.069374 -22.975578 -4.714519 0.311897 0.524721 -1
0 -54.024391 -20.952187 -10.277293 0.308884 0.555879 -1
0 -57.285347 -20.792404 -4.714519 0.305415 0.524580 -1
0 -54.908974 -19.363960 -10.277293 0.303961 0.555618 -1
0 -58.014931 -18.537727 -4.714519 0.299225 0.524595 -1
0 -55.421455 -17.780281 -10.277293 0.299411 0.555636 -1
0 -58.258156 -16.211540 -4.714519 0.293197 0.524771 -1
0 -55.605476 -16.020119 -10.277293 0.294646 0.555953 -1
0 -58.258156 16.106644 -4.714519 0.207074 0.524782 -1
0 -55.605476 15.897843 -10.277293 0.205683 0.555986 -1
0 -39.991829 -16.090462 -4.714519 0.310883 0.534681 -1
0 -42.644508 -19.212997 -10.277293 0.317372 0.568852 -1
0 -57.893227 19.304008 -4.714519 0.198780 0.524547 -1
0 -55.319160 18.406487 -10.277293 0.198881 0.555546 -1
0 -56.798561 22.024109 -4.714519 0.191131 0.524590 -1
0 -54.585304 20.229973 -10.277293 0.193517 0.555628 -1
0 -54.974068 24.266907 -4.714519 0.183843 0.524927 -1
0 -53.269264 21.847786 -10.277293 0.188058 0.556231 -1
0 -53.109718 25.698273 -4.714519 0.178279 0.525386 -1
0 -51.905037 22.895164 -10.277293 0.183887 0.557051 -1
0 -51.164040 26.557098 -4.714519 0.173804 0.525980 -1
0 -50.531349 23.501518 -10.277293 0.180719 0.558054 -1
0 19.272667 16.092461 -4.714519 0.860726 0.559097 -1
0 19.272667 -16.090462 -4.714519 0.639274 0.559097 -1
0 15.911981 -19.212875 -10.277293 0.610078 0.624401 -1
0 19.029472 -18.479553 -4.714519 0.627325 0.556001 -1
0 18.299858 -20.773140 -4.714519 0.614931 0.553703 -1
0 17.083885 -22.971222 -4.714519 0.601766 0.551965 -1
0 15.027673 -20.965981 -10.277293 0.598968 0.620694 -1
0 15.178582 -25.121307 -4.714519 0.586495 0.550706 -1
0 13.653283 -22.516914 -10.277293 0.586744 0.618453 -1
0 12.867791 -26.411346 -4.714519 0.572147 0.550658 -1
0 12.104547 -23.381531 -10.277293 0.576021 0.618469 -1
0 10.151544 -26.841377 -4.714519 0.557540 0.551841 -1
0 9.973962 -23.718834 -10.277293 0.563345 0.620968 -1
0 38.586662 -4.917373 1.760949 0.729822 0.485608 -1
0 58.260155 -4.917373 1.760949 0.736596 0.490421 -1
0 56.047142 -2.704376 5.069363 0.742323 0.471326 -1
0 38.586662 -2.704376 5.069363 0.738859 0.458528 -1
0 58.260155 4.919373 1.760949 0.763404 0.490421 -1
0 56.047142 2.706376 5.069363 0.757676 0.471326 -1
0 38.586662 4.919373 1.760949 0.770178 0.485608 -1
0 38.586662 2.706376 5.069363 0.761141 0.458528 -1
0 18.913170 4.919373 1.760949 0.790493 0.471409 -1
0 18.913170 -4.917373 1.760949 0.709506 0.471409 -1
0 21.126183 -2.704376 5.069363 0.729728 0.425633 -1
0 21.126183 2.706376 5.069363 0.770272 0.425633 -1
0 58.260155 -4.917373 -1.758903 0.736596 0.509579 -1
0 38.586662 -4.917373 -1.758903 0.729822 0.514392 -1
0 56.047142 -2.704376 -5.067367 0.742323 0.528674 -1
0 38.586662 -2.704376 -5.067367 0.738859 0.541473 -1
0 58.260155 4.919373 -1.758903 0.763404 0.509579 -1
0 56.047142 2.706376 -5.067367 0.757676 0.528674 -1
0 38.586662 4.919373 -1.758903 0.770178 0.514392 -1
0 38.586662 2.706376 -5.067367 0.761141 0.541473 -1
0 18.913170 -4.917373 -1.758903 0.709506 0.528590 -1
0 18.913170 4.919373 -1.758903 0.790493 0.528590 -1
0 21.126183 -2.704376 -5.067367 0.729728 0.574367 -1
0 21.126183 2.706376 -5.067367 0.770272 0.574367 -1
193
-0.000001 -0.871783 0.489892
0.000000 -0.871787 0.489885
-0.000002 -0.871779 0.489899
0.867702 0.181113 0.462917
0.813257 0.369793 0.449295
0.854164 0.271720 0.443364
0.707417 0.539594 0.456507
0.751678 0.477021 0.455445
0.795326 0.401183 0.454432
0.512286 0.715002 0.475748
0.591952 0.655083 0.469531
0.236229 0.839111 0.489988
0.334576 0.807292 0.486147
0.136430 0.861759 0.488629
0.136429 0.861759 0.488629
0.000000 0.871779 0.489899
-0.081463 0.867887 0.490037
-0.040732 0.870559 0.490376
-0.237564 -0.838831 0.489822
-0.069329 -0.868778 0.490325
-0.069499 -0.868728 0.490388
-0.335121 -0.807120 0.486057
-0.509423 -0.717083 0.475689
-0.586872 -0.659525 0.469690
-0.702635 -0.545271 0.457147
-0.744029 -0.491363 0.452751
-0.809202 -0.383903 0.444759
-0.833920 -0.330876 0.441698
-0.872966 -0.216723 0.436991
-0.886852 -0.155450 0.435120
-0.899829 -0.062598 0.431728
-0.901577 -0.031297 0.431485
-0.901413 0.034136 0.431612
-0.899333 0.068271 0.431901
0.902439 0.000000 0.430818
0.902439 0.000000 0.430818
-0.880879 0.181118 0.437319
-0.859686 0.259281 0.440128
-0.791803 0.413999 0.449058
-0.743836 0.490037 0.454502
-0.642449 0.610669 0.462971
-0.591306 0.657115 0.467500
-0.478739 0.737747 0.475960
-0.417229 0.771817 0.479811
-0.278435 0.827863 0.486947
-0.200609 0.848615 0.489498
0.873625 0.088918 0.478407
0.000000 0.871788 0.489884
-0.000001 0.871784 0.489891
-0.000002 0.871780 0.489898
0.813257 -0.369792 0.449295
0.867702 -0.181113 0.462917
0.848596 -0.256221 0.462857
0.707417 -0.539594 0.456507
0.751679 -0.477021 0.455445
0.512285 -0.715002 0.475748
0.591952 -0.655083 0.469531
0.236229 -0.839112 0.489987
0.334576 -0.807292 0.486146
0.045572 -0.870251 0.490497
0.091143 -0.866904 0.490072
0.873625 -0.088918 0.478407
0.000000 -0.872020 -0.489470
-0.000001 -0.872016 -0.489477
-0.000002 -0.872012 -0.489484
0.813440 0.369876 -0.448896
0.867908 0.181160 -0.462511
0.854351 0.271779 -0.442968
0.707581 0.539720 -0.456105
0.751852 0.477132 -0.455043
0.795509 0.401275 -0.454031
0.512414 0.715182 -0.475338
0.592096 0.655244 -0.469124
0.236291 0.839336 -0.489573
0.334664 0.807504 -0.485734
0.136466 0.861988 -0.488215
0.136466 0.861988 -0.488215
-0.081485 0.868119 -0.489622
0.000000 0.872012 -0.489485
-0.040742 0.870791 -0.489961
0.000000 0.872012 -0.489485
-0.069348 -0.869011 -0.489910
-0.237627 -0.839055 -0.489407
-0.069518 -0.868961 -0.489974
-0.335210 -0.807332 -0.485644
-0.509550 -0.717264 -0.475279
-0.587015 -0.659687 -0.469283
-0.702798 -0.545399 -0.456744
-0.744198 -0.491475 -0.452351
-0.809380 -0.383988 -0.444362
-0.834101 -0.330949 -0.441303
-0.873152 -0.216769 -0.436598
-0.887038 -0.155483 -0.434727
-0.900016 -0.062611 -0.431337
-0.901764 -0.031304 -0.431095
-0.901600 0.034143 -0.431221
-0.899520 0.068285 -0.431510
0.902625 0.000000 -0.430428
-0.881067 0.181157 -0.436926
-0.859871 0.259338 -0.439733
-0.791980 0.414093 -0.448659
-0.744006 0.490151 -0.454101
-0.642602 0.610815 -0.462567
-0.591449 0.657275 -0.467094
-0.478859 0.737934 -0.475550
-0.417336 0.772015 -0.479400
-0.278508 0.828081 -0.486534
-0.200662 0.848842 -0.489084
0.873847 0.088952 -0.477995
-0.000001 0.872016 -0.489476
0.000000 0.872020 -0.489469
-0.000002 0.872013 -0.489483
0.867908 -0.181160 -0.462511
0.813440 -0.369875 -0.448896
0.848797 -0.256285 -0.462451
0.707581 -0.539720 -0.456105
0.751852 -0.477131 -0.455044
0.512413 -0.715183 -0.475338
0.592096 -0.655244 -0.469124
0.236291 -0.839336 -0.489573
0.334663 -0.807505 -0.485733
0.045584 -0.870484 -0.490082
0.091168 -0.867135 -0.489658
0.873847 -0.088952 -0.477995
0.000000 -1.000000 0.000000
0.971516 0.236974 0.000000
0.904913 0.425597 0.000000
0.930997 0.365028 0.000000
0.985554 0.169359 0.000001
0.794890 0.606754 0.000000
0.837319 0.546714 0.000000
0.581741 0.813374 0.000000
0.669836 0.742509 0.000000
0.270443 0.962736 0.000000
0.382342 0.924021 0.000000
0.156368 0.987699 0.000000
0.000000 1.000000 0.000000
-0.093433 0.995625 0.000000
-0.046717 0.998908 0.000000
-0.271697 -0.962383 0.000000
-0.052988 -0.998595 0.000000
-0.105975 -0.994369 0.000000
-0.382706 -0.923870 0.000000
-0.578507 -0.815677 0.000000
-0.664179 -0.747573 0.000000
-0.789785 -0.613384 0.000000
-0.834242 -0.551399 0.000000
-0.903385 -0.428831 0.000000
-0.929428 -0.369004 0.000000
-0.970506 -0.241077 0.000000
-0.984959 -0.172787 0.000000
-0.997588 -0.069412 0.000000
-0.999398 -0.034706 0.000000
-0.999283 0.037854 0.000000
-0.997130 0.075707 0.000000
1.000000 0.000000 0.000000
-0.979455 0.201662 0.000000
-0.957326 0.289010 0.000000
-0.885898 0.463880 0.000000
-0.834734 0.550653 0.000000
-0.724519 0.689255 0.000000
-0.668594 0.743628 0.000000
-0.544038 0.839061 0.000000
-0.475214 0.879870 0.000000
-0.318501 0.947923 0.000000
-0.229765 0.973246 0.000000
0.994859 0.101270 0.000000
0.994860 0.101258 0.000003
0.930997 -0.365027 0.000000
0.985555 -0.169359 0.000001
0.971517 -0.236969 0.000000
0.904913 -0.425596 0.000000
0.837319 -0.546714 0.000000
0.794890 -0.606754 0.000000
0.669836 -0.742509 0.000000
0.581739 -0.813375 0.000000
0.382341 -0.924021 0.000000
0.270444 -0.962736 0.000000
0.104533 -0.994521 0.000000
0.052266 -0.998633 0.000000
0.994859 -0.101270 0.000003
0.994860 -0.101264 0.000002
0.000000 -0.831193 0.555984
0.831191 0.000000 0.555987
0.831191 0.000000 0.555987
0.000000 0.831193 0.555984
-0.831191 0.000000 0.555987
-0.831191 0.000000 0.555987
0.000000 -0.831196 -0.555979
0.831195 0.000000 -0.555981
0.000000 0.831196 -0.555979
-0.831195 0.000000 -0.555981
-1.000000 0.000000 0.000000
208
0 0 1 2 0 1 0 2
0 2 3 0 0 2 0 2
0 4 5 6 3 4 5 3
0 5 7 8 4 6 7 3
0 8 6 5 7 8 4 3
0 7 9 10 6 9 10 3
0 10 8 7 10 7 6 3
0 9 11 12 9 11 12 3
0 12 10 9 12 10 9 3
0 11 13 14 11 13 14 3
0 14 12 11 14 12 11 3
0 15 16 17 15 16 17 3
0 17 18 15 17 15 15 3
0 19 20 21 18 19 20 3
0 21 22 19 20 21 18 3
0 23 19 22 22 18 21 3
0 22 24 23 21 23 22 3
0 25 23 24 24 22 23 3
0 24 26 25 23 25 24 3
0 27 25 26 26 24 25 3
0 26 28 27 25 27 26 3
0 29 27 28 28 26 27 3
0 28 30 29 27 29 28 3
0 31 29 30 30 28 29 3
0 30 32 31 29 31 30 3
0 33 31 32 32 30 31 3
0 32 34 33 31 33 32 3
0 35 0 3 34 35 34 3
0 3 36 35 34 34 34 3
0 37 33 34 36 32 33 3
0 34 38 37 33 37 36 3
0 39 37 38 38 36 37 3
0 38 40 39 37 39 38 3
0 41 39 40 40 38 39 3
0 40 42 41 39 41 40 3
0 43 41 42 42 40 41 3
0 42 44 43 41 43 42 3
0 45 43 44 44 42 43 3
0 44 46 45 43 45 44 3
0 16 45 46 16 44 45 3
0 46 17 16 45 17 16 3
0 47 4 6 46 3 46 3
0 48 35 49 47 48 48 2
0 36 49 35 49 48 48 2
0 50 51 49 50 51 52 3
0 52 50 53 53 50 54 3
0 49 53 50 52 54 50 3
0 54 52 55 55 53 56 3
0 53 55 52 54 56 53 3
0 56 54 57 57 55 58 3
0 55 57 54 56 58 55 3
0 58 56 59 59 57 60 3
0 57 59 56 58 60 57 3
0 20 58 21 19 59 20 3
0 59 21 58 60 20 59 3
0 51 48 49 51 61 52 3
0 60 61 62 62 63 63 2
0 63 62 61 64 63 63 2
0 64 65 66 65 66 67 3
0 67 64 68 68 65 69 3
0 66 68 64 70 69 65 3
0 69 67 70 71 68 72 3
0 68 70 67 69 72 68 3
0 71 69 72 73 71 74 3
0 70 72 69 72 74 71 3
0 73 71 74 75 73 76 3
0 72 74 71 74 76 73 3
0 75 76 77 77 78 79 3
0 78 77 76 80 79 80 3
0 79 80 81 81 82 83 3
0 82 81 80 84 83 82 3
0 80 83 82 82 85 84 3
0 84 82 83 86 84 85 3
0 83 85 84 85 87 86 3
0 86 84 85 88 86 87 3
0 85 87 86 87 89 88 3
0 88 86 87 90 88 89 3
0 87 89 88 89 91 90 3
0 90 88 89 92 90 91 3
0 89 91 90 91 93 92 3
0 92 90 91 94 92 93 3
0 91 93 92 93 95 94 3
0 94 92 93 96 94 95 3
0 61 95 63 97 97 97 3
0 96 63 95 97 97 97 3
0 93 97 94 95 98 96 3
0 98 94 97 99 96 98 3
0 97 99 98 98 100 99 3
0 100 98 99 101 99 100 3
0 99 101 100 100 102 101 3
0 102 100 101 103 101 102 3
0 101 103 102 102 104 103 3
0 104 102 103 105 103 104 3
0 103 105 104 104 106 105 3
0 106 104 105 107 105 106 3
0 105 75 106 106 77 107 3
0 77 106 75 79 107 77 3
0 65 107 66 66 108 108 3
0 95 108 109 109 110 109 2
0 109 96 95 109 111 109 2
0 110 111 109 112 113 114 3
0 111 112 113 113 115 116 3
0 113 109 111 116 114 113 3
0 112 114 115 115 117 118 3
0 115 113 112 118 116 115 3
0 114 116 117 117 119 120 3
0 117 115 114 120 118 117 3
0 116 118 119 119 121 122 3
0 119 117 116 122 120 119 3
0 118 79 81 121 81 83 3
0 81 119 118 83 122 121 3
0 108 110 109 123 112 114 3
0 61 60 1 124 124 124 1
0 1 0 61 124 124 124 1
0 65 64 5 125 126 127 4
0 5 4 65 127 128 125 4
0 64 67 7 126 129 130 4
0 7 5 64 130 127 126 4
0 67 69 9 129 131 132 4
0 9 7 67 132 130 129 4
0 69 71 11 131 133 134 4
0 11 9 69 134 132 131 4
0 71 73 13 133 135 135 4
0 13 11 71 135 134 133 4
0 76 75 16 136 137 138 4
0 16 15 76 138 136 136 4
0 80 79 20 139 140 141 4
0 20 19 80 141 142 139 4
0 83 80 19 143 139 142 4
0 19 23 83 142 144 143 4
0 85 83 23 145 143 144 4
0 23 25 85 144 146 145 4
0 87 85 25 147 145 146 4
0 25 27 87 146 148 147 4
0 89 87 27 149 147 148 4
0 27 29 89 148 150 149 4
0 91 89 29 151 149 150 4
0 29 31 91 150 152 151 4
0 93 91 31 153 151 152 4
0 31 33 93 152 154 153 4
0 95 61 0 155 155 155 4
0 0 35 95 155 155 155 4
0 97 93 33 156 153 154 4
0 33 37 97 154 157 156 4
0 99 97 37 158 156 157 4
0 37 39 99 157 159 158 4
0 101 99 39 160 158 159 4
0 39 41 101 159 161 160 4
0 103 101 41 162 160 161 4
0 41 43 103 161 163 162 4
0 105 103 43 164 162 163 4
0 43 45 105 163 165 164 4
0 75 105 45 137 164 165 4
0 45 16 75 165 138 137 4
0 107 65 4 166 125 128 4
0 4 47 107 128 167 167 4
0 108 95 35 136 136 136 1
0 35 48 108 136 136 136 1
0 111 110 51 168 169 170 4
0 51 50 111 170 171 168 4
0 112 111 50 172 168 171 4
0 50 52 112 171 173 172 4
0 114 112 52 174 172 173 4
0 52 54 114 173 175 174 4
0 116 114 54 176 174 175 4
0 54 56 116 175 177 176 4
0 118 116 56 178 176 177 4
0 56 58 118 177 179 178 4
0 79 118 58 140 178 179 4
0 58 20 79 179 141 140 4
0 110 108 48 169 180 181 4
0 48 51 110 181 170 169 4
0 120 121 122 182 182 182 2
0 122 123 120 182 182 182 2
0 121 124 125 183 184 183 3
0 125 122 121 183 183 183 3
0 124 126 127 185 185 185 2
0 127 125 124 185 185 185 2
0 128 129 130 186 187 186 2
0 130 131 128 186 186 186 2
0 129 120 123 182 182 182 4
0 123 130 129 182 182 182 4
0 126 128 131 185 185 185 3
0 131 127 126 185 185 185 3
0 132 133 134 188 188 188 2
0 135 134 133 188 188 188 2
0 136 132 137 189 189 189 3
0 134 137 132 189 189 189 3
0 138 136 139 190 190 190 2
0 137 139 136 190 190 190 2
0 140 141 142 191 191 191 2
0 143 142 141 191 191 191 2
0 133 140 135 188 188 188 4
0 142 135 140 188 188 188 4
0 141 138 143 190 190 190 3
0 139 143 138 190 190 190 3
0 133 132 121 124 124 124 1
0 121 120 133 124 124 124 1
0 132 136 124 155 155 155 4
0 124 121 132 155 155 155 4
0 136 138 126 136 136 136 1
0 126 124 136 136 136 136 1
0 141 140 129 192 192 192 1
0 129 128 141 192 192 192 1
0 140 133 120 124 124 124 6
0 120 129 140 124 124 124 6
0 138 141 128 136 136 136 4
0 128 126 138 136 136 136 4
"Cminus-outer" 0 1
64
0 -42.644508 19.215004 10.279294 0.182628 0.431148 -1
0 15.911981 19.214882 10.279294 -0.110078 0.375599 -1
0 15.027673 20.967979 10.279294 -0.098968 0.379306 -1
0 13.653283 22.518913 10.279294 -0.086744 0.381547 -1
0 12.104547 23.383530 10.279294 -0.076021 0.381531 -1
0 9.973962 23.720833 10.279294 -0.063345 0.379032 -1
0 -48.978462 23.720833 10.279294 0.178222 0.440582 -1
0 -51.047585 -23.383194 10.279294 0.318365 0.442371 -1
0 -48.967720 -23.718826 10.279294 0.321791 0.440571 -1
0 -42.644508 -19.212997 10.279294 0.317372 0.431148 -1
0 -52.612129 -22.510735 10.279294 0.314347 0.443433 -1
0 -54.024391 -20.952187 10.279294 0.308884 0.444121 -1
0 -54.908974 -19.363960 10.279294 0.303961 0.444382 -1
0 -55.421455 -17.780281 10.279294 0.299411 0.444364 -1
0 -55.605476 -16.020119 10.279294 0.294646 0.444047 -1
0 -55.605476 15.897843 10.279294 0.205683 0.444014 -1
0 -55.319160 18.406487 10.279294 0.198881 0.444454 -1
0 -54.585304 20.229973 10.279294 0.193517 0.444372 -1
0 -53.269264 21.847786 10.279294 0.188058 0.443769 -1
0 -51.905037 22.895164 10.279294 0.183887 0.442949 -1
0 -50.531349 23.501518 10.279294 0.180719 0.441946 -1
0 15.911981 -19.212875 10.279294 0.610078 0.375599 -1
0 15.027673 -20.965981 10.279294 0.598968 0.379306 -1
0 13.653283 -22.516914 10.279294 0.586744 0.381547 -1
0 12.104547 -23.381531 10.279294 0.576021 0.381531 -1
0 9.973962 -23.718834 10.279294 0.563345 0.379032 -1
0 15.911981 19.214882 -10.277293 -0.110078 0.624401 -1
0 -42.644508 19.215004 -10.277293 0.182628 0.568852 -1
0 15.027673 20.967979 -10.277293 -0.098968 0.620694 -1
0 13.653283 22.518913 -10.277293 -0.086744 0.618453 -1
0 12.104547 23.383530 -10.277293 -0.076021 0.618469 -1
0 9.973962 23.720833 -10.277293 -0.063345 0.620968 -1
0 -48.978462 23.720833 -10.277293 0.178222 0.559418 -1
0 -48.967720 -23.718834 -10.277293 0.321791 0.559429 -1
0 -51.047585 -23.383194 -10.277293 0.318365 0.557629 -1
0 -42.644508 -19.212997 -10.277293 0.317372 0.568852 -1
0 -52.612129 -22.510735 -10.277293 0.314347 0.556567 -1
0 -54.024391 -20.952187 -10.277293 0.308884 0.555879 -1
0 -54.908974 -19.363960 -10.277293 0.303961 0.555618 -1
0 -55.421455 -17.780281 -10.277293 0.299411 0.555636 -1
0 -55.605476 -16.020119 -10.277293 0.294646 0.555953 -1
0 -55.605476 15.897843 -10.277293 0.205683 0.555986 -1
0 -55.319160 18.406487 -10.277293 0.198881 0.555546 -1
0 -54.585304 20.229973 -10.277293 0.193517 0.555628 -1
0 -53.269264 21.847786 -10.277293 0.188058 0.556231 -1
0 -51.905037 22.895164 -10.277293 0.183887 0.557051 -1
0 -50.531349 23.501518 -10.277293 0.180719 0.558054 -1
0 15.911981 -19.212875 -10.277293 0.610078 0.624401 -1
0 15.027673 -20.965981 -10.277293 0.598968 0.620694 -1
0 13.653283 -22.516914 -10.277293 0.586744 0.618453 -1
0 12.104547 -23.381531 -10.277293 0.576021 0.618469 -1
0 9.973962 -23.718834 -10.277293 0.563345 0.620968 -1
0 38.586662 -2.704376 5.069363 0.738859 0.458528 -1
0 56.047142 -2.704376 5.069363 0.742323 0.471326 -1
0 56.047142 2.706376 5.069363 0.757676 0.471326 -1
0 38.586662 2.706376 5.069363 0.761141 0.458528 -1
0 21.126183 2.706376 5.069363 0.770272 0.425633 -1
0 21.126183 -2.704376 5.069363 0.729728 0.425633 -1
0 56.047142 -2.704376 -5.067367 0.742323 0.528674 -1
0 38.586662 -2.704376 -5.067367 0.738859 0.541473 -1
0 56.047142 2.706376 -5.067367 0.757676 0.528674 -1
0 38.586662 2.706376 -5.067367 0.761141 0.541473 -1
0 21.126183 -2.704376 -5.067367 0.729728 0.574367 -1
0 21.126183 2.706376 -5.067367 0.770272 0.574367 -1
2
0.000000 0.000000 1.000000
0.000000 0.000000 -1.000000
56
0 0 1 2 0 0 0 1
0 0 2 3 0 0 0 1
0 0 3 4 0 0 0 1
0 0 4 5 0 0 0 1
0 0 5 6 0 0 0 1
0 7 8 9 0 0 0 1
0 10 7 9 0 0 0 1
0 11 10 9 0 0 0 1
0 12 11 9 0 0 0 1
0 13 12 9 0 0 0 1
0 14 13 9 0 0 0 1
0 15 14 9 0 0 0 1
0 15 9 0 0 0 0 1
0 15 0 6 0 0 0 1
0 16 15 6 0 0 0 1
0 17 16 6 0 0 0 1
0 18 17 6 0 0 0 1
0 19 18 6 0 0 0 1
0 20 19 6 0 0 0 1
0 21 9 22 0 0 0 1
0 22 9 23 0 0 0 1
0 23 9 24 0 0 0 1
0 24 9 25 0 0 0 1
0 25 9 8 0 0 0 1
0 26 27 28 1 1 1 1
0 28 27 29 1 1 1 1
0 29 27 30 1 1 1 1
0 30 27 31 1 1 1 1
0 31 27 32 1 1 1 1
0 33 34 35 1 1 1 1
0 34 36 35 1 1 1 1
0 36 37 35 1 1 1 1
0 37 38 35 1 1 1 1
0 38 39 35 1 1 1 1
0 39 40 35 1 1 1 1
0 40 41 35 1 1 1 1
0 35 41 27 1 1 1 1
0 27 41 32 1 1 1 1
0 41 42 32 1 1 1 1
0 42 43 32 1 1 1 1
0 43 44 32 1 1 1 1
0 44 45 32 1 1 1 1
0 45 46 32 1 1 1 1
0 35 47 48 1 1 1 1
0 35 48 49 1 1 1 1
0 35 49 50 1 1 1 1
0 35 50 51 1 1 1 1
0 35 51 33 1 1 1 1
0 52 53 54 0 0 0 1
0 52 54 55 0 0 0 1
0 56 57 52 0 0 0 1
0 55 56 52 0 0 0 1
0 58 59 60 1 1 1 1
0 60 59 61 1 1 1 1
0 62 63 59 1 1 1 1
0 63 61 59 1 1 1 1

Materials: 2
"blackshine"
0.000000 0.000000 0.000000 1.000000
0.000000 0.000000 0.000000 1.000000
0.898039 0.898039 0.898039 1.000000
0.000000 0.000000 0.000000 1.000000
0.180000
1.000000
".\black sphere.png"
".\plastic sphere add.png"
"1 - Default"
0.000000 0.690196 0.047059 1.000000
0.000000 0.690196 0.047059 1.000000
0.898039 0.898039 0.898039 1.000000
0.000000 0.000000 0.000000 1.000000
0.100000
1.000000
".\green sphere.png"
".\greenreflect sphere add.png"

Bones: 0
