// MilkShape 3D ASCII

Frames: 30
Frame: 1

Meshes: 2
"D-Inner" 0 0
88
0 -20.286522 16.328087 4.799567 0.142148 0.441997 -1
0 20.465446 16.328087 4.799567 -0.142823 0.442296 -1
0 23.130096 19.500999 10.202434 -0.138517 0.396474 -1
0 -22.951180 19.500999 10.202434 0.137914 0.396042 -1
0 36.366669 23.113487 4.799567 0.840106 0.464697 -1
0 34.482643 25.273857 4.799567 0.850664 0.464421 -1
0 32.942955 22.634422 10.202434 0.845811 0.420453 -1
0 34.283783 21.096947 10.202434 0.837795 0.420994 -1
0 32.215462 26.570061 4.799567 0.859762 0.463581 -1
0 31.439362 23.494102 10.202434 0.852138 0.419052 -1
0 29.565155 27.002129 4.799567 0.867794 0.462032 -1
0 29.383583 23.829247 10.202434 0.858447 0.416158 -1
0 29.565155 27.002129 4.799567 -0.132206 0.462032 -1
0 -38.450928 27.002129 4.799567 0.152565 0.467604 -1
0 -35.786274 23.829247 10.202434 0.156509 0.425845 -1
0 29.383583 23.829247 10.202434 -0.141553 0.416158 -1
0 -38.450928 -27.000130 4.799567 0.347435 0.467604 -1
0 -35.786270 -23.827248 10.202434 0.343491 0.425845 -1
0 -20.286522 -16.185646 4.799567 0.357181 0.441805 -1
0 -22.951172 -19.358528 10.202434 0.361519 0.395750 -1
0 29.565155 -27.000130 4.799567 0.632206 0.462032 -1
0 29.397545 -23.827248 10.202434 0.641590 0.416180 -1
0 20.465446 -16.185646 4.799567 0.643492 0.442107 -1
0 23.130096 -19.358528 10.202434 0.639083 0.396185 -1
0 37.525703 20.917412 4.799567 0.830932 0.464592 -1
0 35.119431 19.513603 10.202434 0.830715 0.420846 -1
0 38.221123 18.649376 4.799567 0.822246 0.464234 -1
0 35.611290 17.909477 10.202434 0.824161 0.420246 -1
0 38.452934 16.309441 4.799567 0.813842 0.463590 -1
0 35.788277 16.122948 10.202434 0.817365 0.419061 -1
0 20.465446 16.328087 4.799567 0.857177 0.442296 -1
0 23.130096 19.500999 10.202434 0.861483 0.396474 -1
0 38.452934 -16.199898 4.799567 0.686536 0.463553 -1
0 35.788277 -15.984595 10.202434 0.683140 0.418951 -1
0 38.090172 -19.367897 4.799567 0.675128 0.464404 -1
0 35.505592 -18.453194 10.202434 0.673711 0.420541 -1
0 37.001884 -22.104073 4.799567 0.664292 0.464707 -1
0 34.772285 -20.296883 10.202434 0.665904 0.421011 -1
0 35.188087 -24.408424 4.799567 0.653474 0.464481 -1
0 33.458809 -21.965584 10.202434 0.657537 0.420561 -1
0 33.354317 -25.848274 4.799567 0.645066 0.463958 -1
0 32.125961 -23.012123 10.202434 0.651065 0.419584 -1
0 31.480011 -26.712166 4.799567 0.638005 0.463169 -1
0 30.822403 -23.612953 10.202434 0.645951 0.418217 -1
0 20.465446 16.328087 -4.802131 -0.142823 0.557758 -1
0 -20.286522 16.328087 -4.802131 0.142148 0.558057 -1
0 23.130096 19.500999 -10.200433 -0.138517 0.603526 -1
0 -22.951180 19.500999 -10.200433 0.137914 0.603958 -1
0 34.482635 25.273857 -4.802131 0.850664 0.535613 -1
0 36.366669 23.113487 -4.802131 0.840106 0.535336 -1
0 32.942955 22.634422 -10.200433 0.845811 0.579547 -1
0 34.283783 21.096947 -10.200433 0.837795 0.579006 -1
0 32.215462 26.570061 -4.802131 0.859762 0.536453 -1
0 31.439362 23.494102 -10.200433 0.852138 0.580948 -1
0 29.565155 27.002129 -4.802131 0.867794 0.538004 -1
0 29.383583 23.829247 -10.200433 0.858447 0.583842 -1
0 -38.450924 27.002129 -4.802131 0.152565 0.532427 -1
0 29.565155 27.002129 -4.802131 -0.132206 0.538004 -1
0 -35.786274 23.829247 -10.200433 0.156509 0.574155 -1
0 29.383583 23.829247 -10.200433 -0.141553 0.583842 -1
0 -38.450924 -27.000130 -4.802131 0.347435 0.532427 -1
0 -35.786270 -23.827248 -10.200433 0.343491 0.574155 -1
0 -20.286522 -16.185646 -4.802131 0.357181 0.558249 -1
0 -22.951172 -19.358528 -10.200433 0.361519 0.604250 -1
0 29.565155 -27.000130 -4.802131 0.632206 0.538004 -1
0 29.397545 -23.827248 -10.200433 0.641590 0.583820 -1
0 20.465446 -16.185646 -4.802131 0.643492 0.557947 -1
0 23.130096 -19.358528 -10.200433 0.639083 0.603815 -1
0 37.525696 20.917412 -4.802131 0.830932 0.535441 -1
0 35.119431 19.513603 -10.200433 0.830715 0.579154 -1
0 38.221123 18.649376 -4.802131 0.822246 0.535799 -1
0 35.611290 17.909477 -10.200433 0.824161 0.579754 -1
0 38.452934 16.309441 -4.802131 0.813842 0.536445 -1
0 35.788277 16.122948 -10.200433 0.817365 0.580939 -1
0 20.465446 16.328087 -4.802131 0.857177 0.557758 -1
0 23.130096 19.500999 -10.200433 0.861483 0.603526 -1
0 38.452934 -16.199898 -4.802131 0.686536 0.536481 -1
0 35.788277 -15.984595 -10.200433 0.683140 0.581049 -1
0 38.090172 -19.367897 -4.802131 0.675128 0.535630 -1
0 35.505592 -18.453194 -10.200433 0.673711 0.579459 -1
0 37.001884 -22.104073 -4.802131 0.664292 0.535326 -1
0 34.772285 -20.296883 -10.200433 0.665904 0.578989 -1
0 35.188087 -24.408424 -4.802131 0.653474 0.535553 -1
0 33.458809 -21.965584 -10.200433 0.657537 0.579439 -1
0 33.354317 -25.848274 -4.802131 0.645066 0.536076 -1
0 32.125961 -23.012123 -10.200433 0.651065 0.580416 -1
0 31.480003 -26.712166 -4.802131 0.638005 0.536866 -1
0 30.822403 -23.612953 -10.200433 0.645951 0.581783 -1
112
0.000000 -0.862300 0.506398
0.000000 -0.862300 0.506398
0.708250 0.527000 0.469737
0.514363 0.703589 0.490300
0.592530 0.644246 0.483586
0.749074 0.471945 0.464926
0.239145 0.828647 0.506117
0.337917 0.796218 0.501846
0.138882 0.851900 0.504953
0.138881 0.851900 0.504953
0.000000 0.862302 0.506395
0.000000 0.862302 0.506395
-0.896856 -0.000000 0.442323
-0.896856 0.000000 0.442323
-0.896856 -0.000000 0.442323
0.896856 0.000000 0.442323
0.896856 0.000000 0.442323
0.896856 0.000000 0.442322
0.000000 -0.862302 0.506395
0.085723 -0.857964 0.506507
0.042863 -0.860928 0.506918
0.811491 0.365097 0.456275
0.834316 0.313957 0.453153
0.870076 0.204843 0.448339
0.882678 0.146769 0.446473
0.894486 0.058972 0.443190
0.896062 0.029486 0.442949
-0.896856 0.000000 0.442322
0.895798 -0.034032 0.443158
0.893697 -0.068065 0.443478
0.875392 -0.178972 0.449063
0.854657 -0.255329 0.452071
0.789573 -0.404778 0.461226
0.744316 -0.477511 0.466879
0.645930 -0.596480 0.476431
0.594480 -0.644037 0.481466
0.483605 -0.724942 0.490496
0.424329 -0.758480 0.494624
0.286928 -0.815460 0.502691
0.208068 -0.837294 0.505615
0.000000 -0.862113 -0.506716
0.514259 0.703445 -0.490614
0.708118 0.526901 -0.470046
0.592413 0.644118 -0.483899
0.748938 0.471858 -0.465234
0.239094 0.828467 -0.506435
0.337846 0.796048 -0.502163
0.138852 0.851717 -0.505271
0.138852 0.851717 -0.505271
0.000000 0.862115 -0.506713
0.000000 0.862115 -0.506713
-0.896708 0.000000 -0.442623
-0.896708 -0.000000 -0.442623
-0.896708 -0.000000 -0.442623
0.896707 0.000000 -0.442624
0.896708 0.000000 -0.442624
0.896708 0.000000 -0.442623
0.085704 -0.857778 -0.506826
0.000000 -0.862115 -0.506713
0.042854 -0.860741 -0.507236
0.811348 0.365032 -0.456580
0.834171 0.313903 -0.453457
0.869928 0.204809 -0.448642
0.882529 0.146744 -0.446776
0.894337 0.058962 -0.443491
0.895913 0.029481 -0.443250
-0.896708 0.000000 -0.442623
-0.896708 0.000000 -0.442623
0.895649 -0.034026 -0.443459
0.893548 -0.068053 -0.443780
0.875243 -0.178941 -0.449366
0.854510 -0.255284 -0.452375
0.789431 -0.404704 -0.461533
0.744180 -0.477423 -0.467188
0.645806 -0.596365 -0.476743
0.594364 -0.643910 -0.481779
0.483506 -0.724794 -0.490811
0.424241 -0.758323 -0.494940
0.286867 -0.815285 -0.503008
0.208023 -0.837113 -0.505933
0.000000 -1.000000 0.000000
0.802009 0.597312 -0.000000
0.589404 0.807839 -0.000000
0.676256 0.736667 -0.000000
0.845844 0.533430 -0.000000
0.276633 0.960976 0.000000
0.390050 0.920794 -0.000000
0.160901 0.986970 0.000000
0.000000 1.000000 0.000000
-1.000000 0.000000 -0.000000
1.000000 0.000000 0.000000
0.099387 -0.995049 -0.000000
0.049694 -0.998765 0.000000
0.911861 0.410499 -0.000000
0.935849 0.352402 -0.000000
0.973356 0.229299 -0.000000
0.986434 0.164159 0.000000
0.997833 0.065795 0.000000
0.999459 0.032897 0.000000
-1.000000 0.000000 0.000000
0.999279 -0.037976 0.000000
0.997111 -0.075953 0.000000
0.979675 -0.200593 0.000000
0.958071 -0.286532 0.000000
0.889589 -0.456762 0.000000
0.841339 -0.540508 0.000000
0.734336 -0.678786 0.000000
0.677908 -0.735147 0.000000
0.554601 -0.832116 0.000000
0.487871 -0.872915 -0.000000
0.331566 -0.943432 -0.000000
0.240804 -0.970574 -0.000000
120
0 0 1 2 0 1 0 2
0 2 3 0 0 0 0 2
0 4 5 6 2 3 4 2
0 6 7 4 4 5 2 2
0 5 8 9 3 6 7 2
0 9 6 5 7 4 3 2
0 8 10 11 6 8 9 2
0 11 9 8 9 7 6 2
0 12 13 14 10 10 10 2
0 14 15 12 10 11 11 2
0 13 16 17 12 13 12 3
0 17 14 13 12 14 12 3
0 18 0 3 15 16 15 3
0 3 19 18 15 17 15 3
0 16 20 21 18 19 20 2
0 21 17 16 20 18 18 2
0 22 18 19 11 11 11 2
0 19 23 22 11 11 11 2
0 24 4 7 21 2 5 2
0 7 25 24 5 22 21 2
0 26 24 25 23 21 22 2
0 25 27 26 22 24 23 2
0 28 26 27 25 23 24 2
0 27 29 28 24 26 25 2
0 30 22 23 27 27 27 3
0 23 31 30 27 27 27 3
0 32 28 29 28 25 26 2
0 29 33 32 26 29 28 2
0 34 32 33 30 28 29 2
0 33 35 34 29 31 30 2
0 36 34 35 32 30 31 2
0 35 37 36 31 33 32 2
0 38 36 37 34 32 33 2
0 37 39 38 33 35 34 2
0 40 38 39 36 34 35 2
0 39 41 40 35 37 36 2
0 42 40 41 38 36 37 2
0 41 43 42 37 39 38 2
0 20 42 43 19 38 39 2
0 43 21 20 39 20 19 2
0 44 45 46 40 40 40 2
0 47 46 45 40 40 40 2
0 48 49 50 41 42 43 2
0 51 50 49 44 43 42 2
0 52 48 53 45 41 46 2
0 50 53 48 43 46 41 2
0 54 52 55 47 45 48 2
0 53 55 52 46 48 45 2
0 56 57 58 49 49 50 2
0 59 58 57 50 50 50 2
0 60 56 61 51 52 52 3
0 58 61 56 53 52 52 3
0 45 62 47 54 55 55 3
0 63 47 62 56 55 55 3
0 64 60 65 57 58 59 2
0 61 65 60 58 59 58 2
0 62 66 63 50 50 50 2
0 67 63 66 49 50 50 2
0 49 68 51 42 60 44 2
0 69 51 68 61 44 60 2
0 68 70 69 60 62 61 2
0 71 69 70 63 61 62 2
0 70 72 71 62 64 63 2
0 73 71 72 65 63 64 2
0 66 74 67 66 66 66 3
0 75 67 74 67 66 67 3
0 72 76 73 64 68 65 2
0 77 73 76 69 65 68 2
0 76 78 77 68 70 69 2
0 79 77 78 71 69 70 2
0 78 80 79 70 72 71 2
0 81 79 80 73 71 72 2
0 80 82 81 72 74 73 2
0 83 81 82 75 73 74 2
0 82 84 83 74 76 75 2
0 85 83 84 77 75 76 2
0 84 86 85 76 78 77 2
0 87 85 86 79 77 78 2
0 86 64 87 78 57 79 2
0 65 87 64 59 79 57 2
0 45 44 1 80 80 80 1
0 1 0 45 80 80 80 1
0 49 48 5 81 82 83 1
0 5 4 49 83 84 81 1
0 48 52 8 82 85 86 1
0 8 5 48 86 83 82 1
0 52 54 10 85 87 87 1
0 10 8 52 87 86 85 1
0 57 56 13 88 88 88 1
0 13 12 57 88 88 88 1
0 56 60 16 89 89 89 4
0 16 13 56 89 89 89 4
0 62 45 0 90 90 90 4
0 0 18 62 90 90 90 4
0 60 64 20 80 91 92 1
0 20 16 60 92 80 80 1
0 66 62 18 88 88 88 1
0 18 22 66 88 88 88 1
0 68 49 4 93 81 84 1
0 4 24 68 84 94 93 1
0 70 68 24 95 93 94 1
0 24 26 70 94 96 95 1
0 72 70 26 97 95 96 1
0 26 28 72 96 98 97 1
0 74 66 22 99 99 99 4
0 22 30 74 99 99 99 4
0 76 72 28 100 97 98 1
0 28 32 76 98 101 100 1
0 78 76 32 102 100 101 1
0 32 34 78 101 103 102 1
0 80 78 34 104 102 103 1
0 34 36 80 103 105 104 1
0 82 80 36 106 104 105 1
0 36 38 82 105 107 106 1
0 84 82 38 108 106 107 1
0 38 40 84 107 109 108 1
0 86 84 40 110 108 109 1
0 40 42 86 109 111 110 1
0 64 86 42 91 110 111 1
0 42 20 64 111 92 91 1
"D-Outer" 0 1
44
0 34.283783 21.096947 10.202434 -0.162205 0.420994 -1
0 -22.951180 19.500999 10.202434 0.137914 0.396042 -1
0 23.130096 19.500999 10.202434 -0.138517 0.396474 -1
0 32.942955 22.634422 10.202434 -0.154189 0.420453 -1
0 31.439362 23.494102 10.202434 -0.147862 0.419052 -1
0 29.383583 23.829247 10.202434 -0.141553 0.416158 -1
0 -35.786274 23.829247 10.202434 0.156509 0.425845 -1
0 -35.786270 -23.827248 10.202434 0.343491 0.425845 -1
0 -22.951172 -19.358528 10.202434 0.361519 0.395750 -1
0 29.397545 -23.827248 10.202434 0.641590 0.416180 -1
0 23.130096 -19.358528 10.202434 0.639083 0.396185 -1
0 35.119431 19.513603 10.202434 0.830715 0.420846 -1
0 34.283783 21.096947 10.202434 0.837795 0.420994 -1
0 23.130096 19.500999 10.202434 0.861483 0.396474 -1
0 35.611290 17.909477 10.202434 0.824161 0.420246 -1
0 35.788277 16.122948 10.202434 0.817365 0.419061 -1
0 35.788277 -15.984595 10.202434 0.683140 0.418951 -1
0 35.505592 -18.453194 10.202434 0.673711 0.420541 -1
0 34.772285 -20.296883 10.202434 0.665904 0.421011 -1
0 33.458809 -21.965584 10.202434 0.657537 0.420561 -1
0 32.125961 -23.012123 10.202434 0.651065 0.419584 -1
0 30.822403 -23.612953 10.202434 0.645951 0.418217 -1
0 -22.951180 19.500999 -10.200433 0.137914 0.603958 -1
0 34.283783 21.096947 -10.200433 -0.162205 0.579006 -1
0 23.130096 19.500999 -10.200433 -0.138517 0.603526 -1
0 32.942955 22.634422 -10.200433 -0.154189 0.579547 -1
0 31.439362 23.494102 -10.200433 -0.147862 0.580948 -1
0 29.383583 23.829247 -10.200433 -0.141553 0.583842 -1
0 -35.786274 23.829247 -10.200433 0.156509 0.574155 -1
0 -35.786270 -23.827248 -10.200433 0.343491 0.574155 -1
0 -22.951172 -19.358528 -10.200433 0.361519 0.604250 -1
0 29.397545 -23.827248 -10.200433 0.641590 0.583820 -1
0 23.130096 -19.358528 -10.200433 0.639083 0.603815 -1
0 34.283783 21.096947 -10.200433 0.837795 0.579006 -1
0 35.119431 19.513603 -10.200433 0.830715 0.579154 -1
0 23.130096 19.500999 -10.200433 0.861483 0.603526 -1
0 35.611290 17.909477 -10.200433 0.824161 0.579754 -1
0 35.788277 16.122948 -10.200433 0.817365 0.580939 -1
0 35.788277 -15.984595 -10.200433 0.683140 0.581049 -1
0 35.505592 -18.453194 -10.200433 0.673711 0.579459 -1
0 34.772285 -20.296883 -10.200433 0.665904 0.578989 -1
0 33.458809 -21.965584 -10.200433 0.657537 0.579439 -1
0 32.125961 -23.012123 -10.200433 0.651065 0.580416 -1
0 30.822403 -23.612953 -10.200433 0.645951 0.581783 -1
2
0.000000 0.000000 1.000000
0.000000 0.000000 -1.000000
40
0 0 1 2 0 0 0 1
0 1 0 3 0 0 0 1
0 1 3 4 0 0 0 1
0 1 4 5 0 0 0 1
0 1 5 6 0 0 0 1
0 1 6 7 0 0 0 1
0 8 1 7 0 0 0 1
0 8 7 9 0 0 0 1
0 10 8 9 0 0 0 1
0 11 12 13 0 0 0 1
0 14 11 13 0 0 0 1
0 15 14 13 0 0 0 1
0 15 13 10 0 0 0 1
0 16 15 10 0 0 0 1
0 16 10 9 0 0 0 1
0 17 16 9 0 0 0 1
0 18 17 9 0 0 0 1
0 19 18 9 0 0 0 1
0 20 19 9 0 0 0 1
0 21 20 9 0 0 0 1
0 22 23 24 1 1 1 1
0 23 22 25 1 1 1 1
0 25 22 26 1 1 1 1
0 26 22 27 1 1 1 1
0 27 22 28 1 1 1 1
0 28 22 29 1 1 1 1
0 22 30 29 1 1 1 1
0 29 30 31 1 1 1 1
0 30 32 31 1 1 1 1
0 33 34 35 1 1 1 1
0 34 36 35 1 1 1 1
0 36 37 35 1 1 1 1
0 35 37 32 1 1 1 1
0 37 38 32 1 1 1 1
0 32 38 31 1 1 1 1
0 38 39 31 1 1 1 1
0 39 40 31 1 1 1 1
0 40 41 31 1 1 1 1
0 41 42 31 1 1 1 1
0 42 43 31 1 1 1 1

Materials: 2
"blackshine"
0.000000 0.000000 0.000000 1.000000
0.000000 0.000000 0.000000 1.000000
0.898039 0.898039 0.898039 1.000000
0.000000 0.000000 0.000000 1.000000
0.180000
1.000000
".\black sphere.png"
".\plastic sphere add.png"
"1 - Default"
0.901961 0.509804 0.000000 1.000000
0.901961 0.509804 0.000000 1.000000
0.898039 0.898039 0.898039 1.000000
0.000000 0.000000 0.000000 1.000000
0.100000
1.000000
".\orange sphere.png"
".\orangereflect sphere add.png"

Bones: 0
