// MilkShape 3D ASCII

Frames: 30
Frame: 1

Meshes: 2
"Dplus-inner" 0 0
66
0 9.560815 21.096947 10.202434 -0.067717 0.367936 -1
0 -47.674141 19.500988 10.202434 0.188207 0.437764 -1
0 -1.592872 19.500988 10.202434 0.012980 0.347011 -1
0 8.219995 22.634438 10.202434 -0.055438 0.372443 -1
0 6.716393 23.494091 10.202434 -0.044312 0.374106 -1
0 4.660637 23.829239 10.202434 -0.030735 0.373386 -1
0 -60.509224 23.829239 10.202434 0.190295 0.450472 -1
0 -60.509224 -23.827232 10.202434 0.309705 0.450472 -1
0 -47.674141 -19.358536 10.202434 0.311391 0.437701 -1
0 4.674584 -23.827232 10.202434 0.530825 0.373399 -1
0 -1.592872 -19.358536 10.202434 0.486926 0.346072 -1
0 10.396478 19.513611 10.202434 -0.077908 0.362393 -1
0 10.888330 17.909473 10.202434 -0.086937 0.355808 -1
0 11.065301 16.122948 10.202434 -0.095726 0.346933 -1
0 11.065301 -15.984580 10.202434 0.596358 0.346180 -1
0 11.065301 16.122948 10.202434 0.904274 0.346933 -1
0 10.782647 -18.453186 10.202434 0.584153 0.358247 -1
0 10.049340 -20.296890 10.202434 0.573159 0.365291 -1
0 8.735864 -21.965599 10.202434 0.560236 0.370321 -1
0 7.403008 -23.012123 10.202434 0.549528 0.372891 -1
0 6.099450 -23.612953 10.202434 0.540224 0.373895 -1
0 -47.674141 19.500988 -10.200433 0.188207 0.562236 -1
0 9.560815 21.096947 -10.200433 -0.067717 0.632064 -1
0 -1.592872 19.500988 -10.200433 0.012980 0.652989 -1
0 8.219995 22.634438 -10.200433 -0.055438 0.627557 -1
0 6.716393 23.494091 -10.200433 -0.044312 0.625894 -1
0 4.660637 23.829239 -10.200433 -0.030735 0.626614 -1
0 -60.509224 23.829239 -10.200433 0.190295 0.549528 -1
0 -60.509224 -23.827232 -10.200433 0.309705 0.549528 -1
0 -47.674141 -19.358536 -10.200433 0.311391 0.562299 -1
0 4.674584 -23.827232 -10.200433 0.530825 0.626601 -1
0 -1.592872 -19.358536 -10.200433 0.486926 0.653928 -1
0 10.396478 19.513611 -10.200433 -0.077908 0.637607 -1
0 10.888330 17.909473 -10.200433 -0.086937 0.644192 -1
0 11.065301 16.122948 -10.200433 -0.095726 0.653067 -1
0 11.065301 16.122948 -10.200433 0.904274 0.653067 -1
0 11.065301 -15.984580 -10.200433 0.596358 0.653820 -1
0 10.782647 -18.453186 -10.200433 0.584153 0.641753 -1
0 10.049340 -20.296890 -10.200433 0.573159 0.634709 -1
0 8.735864 -21.965599 -10.200433 0.560236 0.629679 -1
0 7.403008 -23.012123 -10.200433 0.549528 0.627109 -1
0 6.099450 -23.612953 -10.200433 0.540224 0.626105 -1
0 46.207848 -2.704376 5.069363 0.740692 0.465283 -1
0 60.962914 -2.704376 5.069363 0.742942 0.473622 -1
0 60.962914 2.706383 5.069363 0.757058 0.473622 -1
0 46.207848 2.706383 5.069363 0.759308 0.465283 -1
0 40.797081 -17.459496 5.069363 0.685637 0.463801 -1
0 46.207848 -17.459496 5.069363 0.692499 0.467453 -1
0 40.797081 -2.704376 5.069363 0.739461 0.460741 -1
0 26.041954 2.706383 5.069363 0.766475 0.439132 -1
0 26.041954 -2.704376 5.069363 0.733525 0.439132 -1
0 40.797081 2.706383 5.069363 0.760539 0.460741 -1
0 40.797081 17.461491 5.069363 0.814363 0.463801 -1
0 46.207848 17.461491 5.069363 0.807501 0.467453 -1
0 60.962914 -2.704376 -5.067367 0.742942 0.526378 -1
0 46.207848 -2.704376 -5.067367 0.740692 0.534717 -1
0 60.962914 2.706383 -5.067367 0.757058 0.526378 -1
0 46.207848 2.706383 -5.067367 0.759308 0.534717 -1
0 46.207848 -17.459496 -5.067367 0.692499 0.532547 -1
0 40.797081 -17.459496 -5.067367 0.685637 0.536199 -1
0 40.797081 -2.704376 -5.067367 0.739461 0.539259 -1
0 26.041954 -2.704376 -5.067367 0.733525 0.560868 -1
0 26.041954 2.706383 -5.067367 0.766475 0.560868 -1
0 40.797081 2.706383 -5.067367 0.760539 0.539259 -1
0 40.797081 17.461491 -5.067367 0.814363 0.536199 -1
0 46.207848 17.461491 -5.067367 0.807501 0.532547 -1
2
0.000000 0.000000 1.000000
0.000000 0.000000 -1.000000
60
0 0 1 2 0 0 0 1
0 1 0 3 0 0 0 1
0 1 3 4 0 0 0 1
0 1 4 5 0 0 0 1
0 1 5 6 0 0 0 1
0 1 6 7 0 0 0 1
0 8 1 7 0 0 0 1
0 8 7 9 0 0 0 1
0 10 8 9 0 0 0 1
0 11 0 2 0 0 0 1
0 12 11 2 0 0 0 1
0 13 12 2 0 0 0 1
0 13 2 10 0 0 0 1
0 14 15 10 0 0 0 1
0 14 10 9 0 0 0 1
0 16 14 9 0 0 0 1
0 17 16 9 0 0 0 1
0 18 17 9 0 0 0 1
0 19 18 9 0 0 0 1
0 20 19 9 0 0 0 1
0 21 22 23 1 1 1 1
0 22 21 24 1 1 1 1
0 24 21 25 1 1 1 1
0 25 21 26 1 1 1 1
0 26 21 27 1 1 1 1
0 27 21 28 1 1 1 1
0 21 29 28 1 1 1 1
0 28 29 30 1 1 1 1
0 29 31 30 1 1 1 1
0 22 32 23 1 1 1 1
0 32 33 23 1 1 1 1
0 33 34 23 1 1 1 1
0 23 34 31 1 1 1 1
0 35 36 31 1 1 1 1
0 31 36 30 1 1 1 1
0 36 37 30 1 1 1 1
0 37 38 30 1 1 1 1
0 38 39 30 1 1 1 1
0 39 40 30 1 1 1 1
0 40 41 30 1 1 1 1
0 42 43 44 0 0 0 1
0 42 44 45 0 0 0 1
0 46 47 42 0 0 0 1
0 48 46 42 0 0 0 1
0 48 42 45 0 0 0 1
0 49 50 48 0 0 0 1
0 51 49 48 0 0 0 1
0 51 48 45 0 0 0 1
0 52 51 45 0 0 0 1
0 53 52 45 0 0 0 1
0 54 55 56 1 1 1 1
0 56 55 57 1 1 1 1
0 58 59 55 1 1 1 1
0 59 60 55 1 1 1 1
0 55 60 57 1 1 1 1
0 61 62 60 1 1 1 1
0 62 63 60 1 1 1 1
0 60 63 57 1 1 1 1
0 63 64 57 1 1 1 1
0 64 65 57 1 1 1 1
"Dplus-outer" 0 1
132
0 -45.009499 16.328091 4.799567 0.194617 0.468205 -1
0 -4.257514 16.328091 4.799567 0.040607 0.411805 -1
0 -1.592872 19.500988 10.202434 0.012980 0.347011 -1
0 -47.674141 19.500988 10.202434 0.188207 0.437764 -1
0 11.643701 23.113487 4.799567 0.925733 0.441642 -1
0 9.759667 25.273849 4.799567 0.941352 0.444198 -1
0 8.219995 22.634438 10.202434 0.944562 0.372443 -1
0 9.560815 21.096947 10.202434 0.932283 0.367936 -1
0 7.492516 26.570068 4.799567 0.956260 0.445216 -1
0 6.716393 23.494091 10.202434 0.955688 0.374106 -1
0 4.842186 27.002140 4.799567 0.971764 0.444877 -1
0 4.660637 23.829239 10.202434 0.969265 0.373386 -1
0 4.842186 27.002140 4.799567 -0.028236 0.444877 -1
0 -63.173897 27.002140 4.799567 0.185717 0.477804 -1
0 -60.509224 23.829239 10.202434 0.190295 0.450472 -1
0 4.660637 23.829239 10.202434 -0.030735 0.373386 -1
0 -63.173897 -27.000137 4.799567 0.314283 0.477804 -1
0 -60.509224 -23.827232 10.202434 0.309705 0.450472 -1
0 -45.009499 -16.185638 4.799567 0.304943 0.468174 -1
0 -47.674141 -19.358536 10.202434 0.311391 0.437701 -1
0 4.842186 -27.000137 4.799567 0.528236 0.444876 -1
0 4.674584 -23.827232 10.202434 0.530825 0.373399 -1
0 -4.257514 -16.185638 4.799567 0.459056 0.411126 -1
0 -1.592872 -19.358536 10.202434 0.486926 0.346072 -1
0 12.802728 20.917400 4.799567 0.912588 0.438492 -1
0 10.396478 19.513611 10.202434 0.922092 0.362393 -1
0 13.498162 18.649384 4.799567 0.900289 0.434585 -1
0 10.888330 17.909473 10.202434 0.913063 0.355808 -1
0 13.729974 16.309437 4.799567 0.888634 0.429524 -1
0 11.065301 16.122948 10.202434 0.904274 0.346933 -1
0 13.729974 -16.199898 4.799567 0.611885 0.429260 -1
0 11.065301 -15.984580 10.202434 0.596358 0.346180 -1
0 13.367211 -19.367912 4.799567 0.596136 0.435972 -1
0 10.782647 -18.453186 10.202434 0.584153 0.358247 -1
0 12.278924 -22.104088 4.799567 0.580692 0.440304 -1
0 10.049340 -20.296890 10.202434 0.573159 0.365291 -1
0 10.465112 -24.408432 4.799567 0.564457 0.443100 -1
0 8.735864 -21.965599 10.202434 0.560236 0.370321 -1
0 8.631371 -25.848267 4.799567 0.551285 0.444520 -1
0 7.403008 -23.012123 10.202434 0.549528 0.372891 -1
0 6.757042 -26.712166 4.799567 0.539425 0.445117 -1
0 6.099450 -23.612953 10.202434 0.540224 0.373895 -1
0 -4.257514 16.328091 -4.802131 0.040607 0.588275 -1
0 -45.009499 16.328091 -4.802131 0.194617 0.531825 -1
0 -1.592872 19.500988 -10.200433 0.012980 0.652989 -1
0 -47.674141 19.500988 -10.200433 0.188207 0.562236 -1
0 9.759667 25.273849 -4.802131 0.941352 0.555854 -1
0 11.643701 23.113487 -4.802131 0.925733 0.558413 -1
0 8.219995 22.634438 -10.200433 0.944562 0.627557 -1
0 9.560815 21.096947 -10.200433 0.932283 0.632064 -1
0 7.492516 26.570061 -4.802131 0.956260 0.554835 -1
0 6.716393 23.494091 -10.200433 0.955688 0.625894 -1
0 4.842186 27.002136 -4.802131 0.971764 0.555175 -1
0 4.660637 23.829239 -10.200433 0.969265 0.626614 -1
0 -63.173897 27.002140 -4.802131 0.185717 0.522217 -1
0 4.842186 27.002136 -4.802131 -0.028236 0.555175 -1
0 -60.509224 23.829239 -10.200433 0.190295 0.549528 -1
0 4.660637 23.829239 -10.200433 -0.030735 0.626614 -1
0 -63.173897 -27.000137 -4.802131 0.314283 0.522217 -1
0 -60.509224 -23.827232 -10.200433 0.309705 0.549528 -1
0 -45.009499 -16.185638 -4.802131 0.304943 0.531856 -1
0 -47.674141 -19.358536 -10.200433 0.311391 0.562299 -1
0 4.842186 -27.000137 -4.802131 0.528236 0.555175 -1
0 4.674584 -23.827232 -10.200433 0.530825 0.626601 -1
0 -4.257514 -16.185631 -4.802131 0.459056 0.588955 -1
0 -1.592872 -19.358536 -10.200433 0.486926 0.653928 -1
0 12.802728 20.917400 -4.802131 0.912588 0.561565 -1
0 10.396478 19.513611 -10.200433 0.922092 0.637607 -1
0 13.498162 18.649384 -4.802131 0.900289 0.565475 -1
0 10.888330 17.909473 -10.200433 0.913063 0.644192 -1
0 13.729974 16.309437 -4.802131 0.888634 0.570541 -1
0 11.065301 16.122948 -10.200433 0.904274 0.653067 -1
0 13.729974 -16.199898 -4.802131 0.611885 0.570805 -1
0 11.065301 -15.984580 -10.200433 0.596358 0.653820 -1
0 13.367211 -19.367912 -4.802131 0.596136 0.564087 -1
0 10.782647 -18.453186 -10.200433 0.584153 0.641753 -1
0 12.278924 -22.104088 -4.802131 0.580692 0.559752 -1
0 10.049340 -20.296890 -10.200433 0.573159 0.634709 -1
0 10.465112 -24.408432 -4.802131 0.564457 0.556952 -1
0 8.735864 -21.965599 -10.200433 0.560236 0.629679 -1
0 8.631341 -25.848267 -4.802131 0.551285 0.555532 -1
0 7.403008 -23.012123 -10.200433 0.549528 0.627109 -1
0 6.757042 -26.712173 -4.802131 0.539425 0.554934 -1
0 6.099450 -23.612953 -10.200433 0.540224 0.626105 -1
0 48.420799 -4.917373 1.760949 0.733889 0.488494 -1
0 63.175926 -4.917373 1.760949 0.737634 0.491161 -1
0 60.962914 -2.704376 5.069363 0.742942 0.473622 -1
0 46.207848 -2.704376 5.069363 0.740692 0.465283 -1
0 63.175926 4.919373 1.760949 0.762366 0.491161 -1
0 60.962914 2.706383 5.069363 0.757058 0.473622 -1
0 48.420799 4.919373 1.760949 0.766111 0.488494 -1
0 46.207848 2.706383 5.069363 0.759308 0.465283 -1
0 38.584068 -19.672485 1.760949 0.674953 0.487072 -1
0 48.420799 -19.672485 1.760949 0.688577 0.489285 -1
0 46.207848 -17.459496 5.069363 0.692499 0.467453 -1
0 40.797081 -17.459496 5.069363 0.685637 0.463801 -1
0 38.584068 -4.917373 1.760949 0.729821 0.485607 -1
0 40.797081 -2.704376 5.069363 0.739461 0.460741 -1
0 23.828941 4.919373 1.760949 0.782396 0.477015 -1
0 23.828941 -4.917373 1.760949 0.717603 0.477015 -1
0 26.041954 -2.704376 5.069363 0.733525 0.439132 -1
0 26.041954 2.706383 5.069363 0.766475 0.439132 -1
0 38.584068 4.919373 1.760949 0.770179 0.485607 -1
0 40.797081 2.706383 5.069363 0.760539 0.460741 -1
0 38.584068 19.674484 1.760949 0.825047 0.487072 -1
0 40.797081 17.461491 5.069363 0.814363 0.463801 -1
0 48.420799 19.674484 1.760949 0.811423 0.489285 -1
0 46.207848 17.461491 5.069363 0.807501 0.467453 -1
0 63.175926 -4.917373 -1.758903 0.737634 0.508838 -1
0 48.420799 -4.917373 -1.758903 0.733889 0.511505 -1
0 60.962914 -2.704376 -5.067367 0.742942 0.526378 -1
0 46.207848 -2.704376 -5.067367 0.740692 0.534717 -1
0 63.175926 4.919365 -1.758903 0.762366 0.508838 -1
0 60.962914 2.706383 -5.067367 0.757058 0.526378 -1
0 48.420799 4.919373 -1.758903 0.766111 0.511505 -1
0 46.207848 2.706383 -5.067367 0.759308 0.534717 -1
0 48.420799 -19.672485 -1.758903 0.688577 0.510715 -1
0 38.584068 -19.672485 -1.758903 0.674953 0.512928 -1
0 46.207848 -17.459496 -5.067367 0.692499 0.532547 -1
0 40.797081 -17.459496 -5.067367 0.685637 0.536199 -1
0 38.584068 -4.917373 -1.758903 0.729821 0.514393 -1
0 40.797081 -2.704376 -5.067367 0.739461 0.539259 -1
0 23.828972 -4.917373 -1.758903 0.717603 0.522985 -1
0 23.828972 4.919373 -1.758903 0.782396 0.522985 -1
0 26.041954 -2.704376 -5.067367 0.733525 0.560868 -1
0 26.041954 2.706383 -5.067367 0.766475 0.560868 -1
0 38.584068 4.919365 -1.758903 0.770179 0.514393 -1
0 40.797081 2.706383 -5.067367 0.760539 0.539259 -1
0 38.584068 19.674480 -1.758903 0.825047 0.512928 -1
0 40.797081 17.461491 -5.067367 0.814363 0.536199 -1
0 48.420799 19.674480 -1.758903 0.811423 0.510715 -1
0 46.207848 17.461491 -5.067367 0.807501 0.532547 -1
151
0.000000 -0.862301 0.506396
0.708252 0.526999 0.469736
0.514361 0.703591 0.490298
0.592528 0.644249 0.483584
0.749075 0.471945 0.464924
0.239148 0.828644 0.506120
0.337917 0.796218 0.501846
0.138881 0.851899 0.504955
0.138883 0.851899 0.504956
0.000000 0.862301 0.506397
0.000000 0.862301 0.506397
-0.896855 0.000000 0.442325
0.896857 0.000000 0.442321
0.896857 0.000000 0.442321
0.000000 -0.862300 0.506397
0.085720 -0.857963 0.506509
0.042860 -0.860927 0.506920
0.000000 0.862301 0.506396
0.811490 0.365101 0.456273
0.834316 0.313960 0.453151
0.870076 0.204844 0.448338
0.882678 0.146764 0.446474
0.894485 0.058970 0.443191
0.896061 0.029484 0.442951
-0.896857 0.000000 0.442321
-0.896857 0.000000 0.442321
0.895797 -0.034032 0.443160
0.893697 -0.068061 0.443479
0.875393 -0.178968 0.449062
0.854659 -0.255324 0.452069
0.789573 -0.404779 0.461225
0.744317 -0.477512 0.466877
0.645931 -0.596481 0.476429
0.594480 -0.644039 0.481464
0.483603 -0.724943 0.490495
0.424326 -0.758482 0.494624
0.286929 -0.815460 0.502690
0.208066 -0.837294 0.505616
0.000000 -0.862114 -0.506715
0.514257 0.703447 -0.490613
0.708120 0.526900 -0.470045
0.592412 0.644121 -0.483897
0.748938 0.471858 -0.465232
0.239097 0.828465 -0.506437
0.337845 0.796048 -0.502163
0.138853 0.851716 -0.505273
0.138853 0.851715 -0.505273
0.000000 0.862114 -0.506715
0.000000 0.862114 -0.506715
0.000000 0.862114 -0.506715
-0.896706 0.000000 -0.442626
-0.896706 0.000000 -0.442626
0.896708 0.000000 -0.442622
0.896708 0.000000 -0.442622
0.085701 -0.857777 -0.506828
0.000000 -0.862113 -0.506716
0.042851 -0.860740 -0.507239
-0.000000 0.862114 -0.506715
-0.000000 0.862114 -0.506715
0.000000 0.862113 -0.506716
0.811348 0.365036 -0.456578
0.834171 0.313905 -0.453455
0.869928 0.204809 -0.448641
0.882530 0.146739 -0.446776
0.894337 0.058960 -0.443492
0.895912 0.029479 -0.443252
-0.896708 0.000000 -0.442622
-0.896708 0.000000 -0.442622
0.895648 -0.034026 -0.443461
0.893548 -0.068049 -0.443780
0.875244 -0.178937 -0.449365
0.854512 -0.255280 -0.452373
0.789432 -0.404705 -0.461532
0.744180 -0.477424 -0.467185
0.645805 -0.596368 -0.476740
0.594362 -0.643914 -0.481777
0.483506 -0.724796 -0.490808
0.424242 -0.758324 -0.494939
0.286870 -0.815285 -0.503008
0.208020 -0.837113 -0.505935
0.000000 -1.000000 0.000000
0.802009 0.597313 0.000000
0.589408 0.807835 -0.000000
0.676257 0.736666 0.000000
0.845845 0.533429 0.000000
0.276635 0.960975 -0.000001
0.390056 0.920791 -0.000000
0.160903 0.986970 -0.000000
0.160902 0.986970 -0.000001
0.000000 1.000000 0.000000
0.000000 1.000000 -0.000000
0.000000 1.000000 -0.000000
-1.000000 0.000000 0.000000
1.000000 0.000000 0.000000
0.099388 -0.995049 0.000000
0.049695 -0.998764 0.000000
-0.000000 1.000000 0.000000
-0.000000 1.000000 0.000000
0.000000 1.000000 0.000001
0.911861 0.410499 0.000000
0.935848 0.352405 0.000000
0.973355 0.229304 0.000000
0.986434 0.164161 0.000000
0.997833 0.065794 0.000000
0.999459 0.032897 0.000000
0.999279 -0.037976 0.000000
0.997111 -0.075953 0.000000
0.979675 -0.200593 0.000000
0.958071 -0.286532 0.000000
0.889588 -0.456764 0.000000
0.841337 -0.540512 0.000000
0.734333 -0.678790 0.000000
0.677906 -0.735148 -0.000001
0.554603 -0.832115 -0.000001
0.487875 -0.872914 -0.000001
0.331569 -0.943431 0.000000
0.240804 -0.970574 0.000001
0.000000 -0.831193 0.555984
0.000000 -0.831193 0.555985
0.831191 0.000000 0.555987
0.000000 0.831194 0.555983
0.000000 0.831194 0.555983
0.000000 -0.831194 0.555983
0.000000 -0.831194 0.555983
0.831198 0.000000 0.555977
-0.831191 0.000000 0.555987
-0.831191 0.000000 0.555987
0.000000 0.831193 0.555984
0.000000 -0.831196 -0.555979
0.831195 0.000000 -0.555981
0.831195 0.000000 -0.555981
0.000000 0.831197 -0.555978
0.000000 0.831198 -0.555977
0.000000 0.831198 -0.555976
0.000000 -0.831197 -0.555977
0.831202 0.000000 -0.555971
0.831202 0.000000 -0.555971
0.831202 0.000000 -0.555971
-0.831195 0.000000 -0.555981
-0.831195 0.000000 -0.555981
-0.831198 0.000000 -0.555976
0.000000 0.831198 -0.555977
0.000000 0.831198 -0.555977
0.000000 0.831197 -0.555977
0.000000 1.000000 -0.000001
0.000001 1.000000 0.000000
0.000000 1.000000 -0.000002
-1.000000 0.000000 -0.000009
0.000000 1.000000 -0.000001
0.000001 1.000000 0.000000
0.000000 1.000000 -0.000001
192
0 0 1 2 0 0 0 2
0 2 3 0 0 0 0 2
0 4 5 6 1 2 3 2
0 6 7 4 3 4 1 2
0 5 8 9 2 5 6 2
0 9 6 5 6 3 2 2
0 8 10 11 5 7 8 2
0 11 9 8 8 6 5 2
0 12 13 14 9 9 9 2
0 14 15 12 9 10 10 2
0 13 16 17 11 11 11 3
0 17 14 13 11 11 11 3
0 18 0 3 12 12 12 3
0 3 19 18 12 13 12 3
0 16 20 21 14 15 16 2
0 21 17 16 16 14 14 2
0 22 18 19 17 17 17 2
0 19 23 22 17 17 17 2
0 24 4 7 18 1 4 2
0 7 25 24 4 19 18 2
0 26 24 25 20 18 19 2
0 25 27 26 19 21 20 2
0 28 26 27 22 20 21 2
0 27 29 28 21 23 22 2
0 1 22 23 24 24 24 3
0 23 2 1 24 25 24 3
0 30 28 29 26 22 23 2
0 29 31 30 23 27 26 2
0 32 30 31 28 26 27 2
0 31 33 32 27 29 28 2
0 34 32 33 30 28 29 2
0 33 35 34 29 31 30 2
0 36 34 35 32 30 31 2
0 35 37 36 31 33 32 2
0 38 36 37 34 32 33 2
0 37 39 38 33 35 34 2
0 40 38 39 36 34 35 2
0 39 41 40 35 37 36 2
0 20 40 41 15 36 37 2
0 41 21 20 37 16 15 2
0 42 43 44 38 38 38 2
0 45 44 43 38 38 38 2
0 46 47 48 39 40 41 2
0 49 48 47 42 41 40 2
0 50 46 51 43 39 44 2
0 48 51 46 41 44 39 2
0 52 50 53 45 43 46 2
0 51 53 50 44 46 43 2
0 54 55 56 47 47 48 2
0 57 56 55 49 48 49 2
0 58 54 59 50 51 51 3
0 56 59 54 51 51 51 3
0 43 60 45 52 53 53 3
0 61 45 60 53 53 53 3
0 62 58 63 54 55 56 2
0 59 63 58 55 56 55 2
0 60 64 61 57 58 58 2
0 65 61 64 59 58 58 2
0 47 66 49 40 60 42 2
0 67 49 66 61 42 60 2
0 66 68 67 60 62 61 2
0 69 67 68 63 61 62 2
0 68 70 69 62 64 63 2
0 71 69 70 65 63 64 2
0 64 42 65 66 67 67 3
0 44 65 42 67 67 67 3
0 70 72 71 64 68 65 2
0 73 71 72 69 65 68 2
0 72 74 73 68 70 69 2
0 75 73 74 71 69 70 2
0 74 76 75 70 72 71 2
0 77 75 76 73 71 72 2
0 76 78 77 72 74 73 2
0 79 77 78 75 73 74 2
0 78 80 79 74 76 75 2
0 81 79 80 77 75 76 2
0 80 82 81 76 78 77 2
0 83 81 82 79 77 78 2
0 82 62 83 78 54 79 2
0 63 83 62 56 79 54 2
0 43 42 1 80 80 80 1
0 1 0 43 80 80 80 1
0 47 46 5 81 82 83 1
0 5 4 47 83 84 81 1
0 46 50 8 82 85 86 1
0 8 5 46 86 83 82 1
0 50 52 10 85 87 88 1
0 10 8 50 88 86 85 1
0 55 54 13 89 89 90 1
0 13 12 55 90 91 91 1
0 54 58 16 92 92 92 4
0 16 13 54 92 92 92 4
0 60 43 0 93 93 93 4
0 0 18 60 93 93 93 4
0 58 62 20 80 94 95 1
0 20 16 58 95 80 80 1
0 64 60 18 96 97 96 1
0 18 22 64 96 98 96 1
0 66 47 4 99 81 84 1
0 4 24 66 84 100 99 1
0 68 66 24 101 99 100 1
0 24 26 68 100 102 101 1
0 70 68 26 103 101 102 1
0 26 28 70 102 104 103 1
0 42 64 22 92 92 92 4
0 22 1 42 92 92 92 4
0 72 70 28 105 103 104 1
0 28 30 72 104 106 105 1
0 74 72 30 107 105 106 1
0 30 32 74 106 108 107 1
0 76 74 32 109 107 108 1
0 32 34 76 108 110 109 1
0 78 76 34 111 109 110 1
0 34 36 78 110 112 111 1
0 80 78 36 113 111 112 1
0 36 38 80 112 114 113 1
0 82 80 38 115 113 114 1
0 38 40 82 114 116 115 1
0 62 82 40 94 115 116 1
0 40 20 62 116 95 94 1
0 84 85 86 117 117 117 2
0 86 87 84 117 118 117 2
0 85 88 89 119 119 119 3
0 89 86 85 119 119 119 3
0 88 90 91 120 121 120 2
0 91 89 88 120 120 120 2
0 92 93 94 122 122 122 2
0 94 95 92 122 123 122 2
0 93 84 87 124 124 124 3
0 87 94 93 124 124 124 3
0 96 92 95 125 125 125 3
0 95 97 96 125 126 125 3
0 98 99 100 126 126 126 2
0 100 101 98 126 126 126 2
0 99 96 97 117 117 117 4
0 97 100 99 117 117 117 4
0 102 98 101 121 121 121 3
0 101 103 102 121 121 121 3
0 104 102 103 125 125 125 2
0 103 105 104 125 125 125 2
0 106 104 105 127 127 127 3
0 105 107 106 127 127 127 3
0 90 106 107 124 124 124 4
0 107 91 90 124 124 124 4
0 108 109 110 128 128 128 2
0 111 110 109 128 128 128 2
0 112 108 113 129 130 130 3
0 110 113 108 130 130 130 3
0 114 112 115 131 132 132 2
0 113 115 112 133 132 132 2
0 116 117 118 134 134 134 2
0 119 118 117 134 134 134 2
0 109 116 111 135 136 136 3
0 118 111 116 137 136 136 3
0 117 120 119 138 138 138 3
0 121 119 120 139 138 138 3
0 122 123 124 140 140 140 2
0 125 124 123 140 140 140 2
0 120 122 121 128 128 128 4
0 124 121 122 128 128 128 4
0 123 126 125 141 142 142 3
0 127 125 126 133 142 142 3
0 126 128 127 139 138 138 2
0 129 127 128 138 138 138 2
0 128 130 129 143 143 143 3
0 131 129 130 143 143 143 3
0 130 114 131 135 135 135 4
0 115 131 114 135 135 135 4
0 109 108 85 80 80 80 1
0 85 84 109 80 80 80 1
0 108 112 88 93 93 93 4
0 88 85 108 93 93 93 4
0 112 114 90 144 145 144 1
0 90 88 112 144 146 144 1
0 117 116 93 80 80 80 1
0 93 92 117 80 80 80 1
0 116 109 84 93 93 93 4
0 84 93 116 93 93 93 4
0 120 117 92 92 92 92 5
0 92 96 120 92 92 92 5
0 123 122 99 147 147 147 1
0 99 98 123 147 147 147 1
0 122 120 96 80 80 80 6
0 96 99 122 80 80 80 6
0 126 123 98 148 149 148 4
0 98 102 126 148 146 148 4
0 128 126 102 92 92 92 1
0 102 104 128 92 92 92 1
0 130 128 104 150 150 150 5
0 104 106 130 150 150 150 5
0 114 130 106 93 93 93 6
0 106 90 114 93 93 93 6

Materials: 2
"1 - Default"
0.901961 0.509804 0.000000 1.000000
0.901961 0.509804 0.000000 1.000000
0.898039 0.898039 0.898039 1.000000
0.000000 0.000000 0.000000 1.000000
0.100000
1.000000
".\red sphere.png"
".\redreflect sphere add.png"
"blackshine"
0.000000 0.000000 0.000000 1.000000
0.000000 0.000000 0.000000 1.000000
0.898039 0.898039 0.898039 1.000000
0.000000 0.000000 0.000000 1.000000
0.180000
1.000000
".\black sphere.png"
".\plastic sphere add.png"

Bones: 0
