// MilkShape 3D ASCII

Frames: 30
Frame: 1

Meshes: 2
"plus-inner" 1 0
24
1 2.706383 -2.704383 5.069363 0.000000 0.000000 -1
1 17.461510 -2.704383 5.069363 0.000000 0.000000 -1
1 17.461510 2.706383 5.069363 0.000000 0.000000 -1
1 2.706383 2.706383 5.069363 0.000000 0.000000 -1
1 -2.704383 -17.459480 5.069363 0.000000 0.000000 -1
1 2.706383 -17.459480 5.069363 0.000000 0.000000 -1
1 -2.704383 -2.704383 5.069363 0.000000 0.000000 -1
1 -17.459480 2.706383 5.069363 0.000000 0.000000 -1
1 -17.459480 -2.704383 5.069363 0.000000 0.000000 -1
1 -2.704383 2.706383 5.069363 0.000000 0.000000 -1
1 -2.704383 17.461479 5.069363 0.000000 0.000000 -1
1 2.706383 17.461479 5.069363 0.000000 0.000000 -1
1 17.461510 -2.704383 -5.067367 0.000000 0.000000 -1
1 2.706383 -2.704383 -5.067367 0.000000 0.000000 -1
1 17.461510 2.706383 -5.067367 0.000000 0.000000 -1
1 2.706383 2.706383 -5.067367 0.000000 0.000000 -1
1 2.706383 -17.459480 -5.067367 0.000000 0.000000 -1
1 -2.704383 -17.459480 -5.067367 0.000000 0.000000 -1
1 -2.704383 -2.704383 -5.067367 0.000000 0.000000 -1
1 -17.459480 -2.704383 -5.067367 0.000000 0.000000 -1
1 -17.459480 2.706383 -5.067367 0.000000 0.000000 -1
1 -2.704383 2.706383 -5.067367 0.000000 0.000000 -1
1 -2.704383 17.461479 -5.067367 0.000000 0.000000 -1
1 2.706383 17.461479 -5.067367 0.000000 0.000000 -1
2
0.000000 0.000000 1.000000
0.000000 0.000000 -1.000000
20
1 0 1 2 0 0 0 1
1 0 2 3 0 0 0 1
1 4 5 0 0 0 0 1
1 6 4 0 0 0 0 1
1 6 0 3 0 0 0 1
1 7 8 6 0 0 0 1
1 9 7 6 0 0 0 1
1 9 6 3 0 0 0 1
1 10 9 3 0 0 0 1
1 11 10 3 0 0 0 1
1 12 13 14 1 1 1 1
1 14 13 15 1 1 1 1
1 16 17 13 1 1 1 1
1 17 18 13 1 1 1 1
1 13 18 15 1 1 1 1
1 19 20 18 1 1 1 1
1 20 21 18 1 1 1 1
1 18 21 15 1 1 1 1
1 21 22 15 1 1 1 1
1 22 23 15 1 1 1 1
"plus-outer" 0 1
48
0 4.919365 -4.917366 1.760949 0.000000 0.000000 -1
0 19.674461 -4.917366 1.760949 0.000000 0.000000 -1
0 17.461510 -2.704383 5.069363 0.000000 0.000000 -1
0 2.706383 -2.704383 5.069363 0.000000 0.000000 -1
0 19.674461 4.919365 1.760949 0.000000 0.000000 -1
0 17.461510 2.706383 5.069363 0.000000 0.000000 -1
0 4.919365 4.919365 1.760949 0.000000 0.000000 -1
0 2.706383 2.706383 5.069363 0.000000 0.000000 -1
0 -4.917366 -19.672493 1.760949 0.000000 0.000000 -1
0 4.919365 -19.672493 1.760949 0.000000 0.000000 -1
0 2.706383 -17.459480 5.069363 0.000000 0.000000 -1
0 -2.704383 -17.459480 5.069363 0.000000 0.000000 -1
0 -4.917366 -4.917366 1.760949 0.000000 0.000000 -1
0 -2.704383 -2.704383 5.069363 0.000000 0.000000 -1
0 -19.672493 4.919365 1.760949 0.000000 0.000000 -1
0 -19.672493 -4.917366 1.760949 0.000000 0.000000 -1
0 -17.459480 -2.704383 5.069363 0.000000 0.000000 -1
0 -17.459480 2.706383 5.069363 0.000000 0.000000 -1
0 -4.917366 4.919365 1.760949 0.000000 0.000000 -1
0 -2.704383 2.706383 5.069363 0.000000 0.000000 -1
0 -4.917366 19.674492 1.760949 0.000000 0.000000 -1
0 -2.704383 17.461479 5.069363 0.000000 0.000000 -1
0 4.919365 19.674492 1.760949 0.000000 0.000000 -1
0 2.706383 17.461479 5.069363 0.000000 0.000000 -1
0 19.674461 -4.917366 -1.758903 0.000000 0.000000 -1
0 4.919365 -4.917366 -1.758903 0.000000 0.000000 -1
0 17.461510 -2.704383 -5.067367 0.000000 0.000000 -1
0 2.706383 -2.704383 -5.067367 0.000000 0.000000 -1
0 19.674461 4.919365 -1.758903 0.000000 0.000000 -1
0 17.461510 2.706383 -5.067367 0.000000 0.000000 -1
0 4.919365 4.919365 -1.758903 0.000000 0.000000 -1
0 2.706383 2.706383 -5.067367 0.000000 0.000000 -1
0 4.919365 -19.672493 -1.758903 0.000000 0.000000 -1
0 -4.917366 -19.672493 -1.758903 0.000000 0.000000 -1
0 2.706383 -17.459480 -5.067367 0.000000 0.000000 -1
0 -2.704383 -17.459480 -5.067367 0.000000 0.000000 -1
0 -4.917366 -4.917366 -1.758903 0.000000 0.000000 -1
0 -2.704383 -2.704383 -5.067367 0.000000 0.000000 -1
0 -19.672493 -4.917366 -1.758903 0.000000 0.000000 -1
0 -19.672493 4.919365 -1.758903 0.000000 0.000000 -1
0 -17.459480 -2.704383 -5.067367 0.000000 0.000000 -1
0 -17.459480 2.706383 -5.067367 0.000000 0.000000 -1
0 -4.917366 4.919365 -1.758903 0.000000 0.000000 -1
0 -2.704383 2.706383 -5.067367 0.000000 0.000000 -1
0 -4.917366 19.674492 -1.758903 0.000000 0.000000 -1
0 -2.704383 17.461479 -5.067367 0.000000 0.000000 -1
0 4.919365 19.674492 -1.758903 0.000000 0.000000 -1
0 2.706383 17.461479 -5.067367 0.000000 0.000000 -1
32
0.000000 -0.831194 0.555982
0.000000 -0.831194 0.555982
0.831198 0.000000 0.555977
0.831198 0.000000 0.555977
0.000000 0.831194 0.555982
0.000000 -0.831191 0.555987
0.000000 -0.831191 0.555987
0.831194 0.000000 0.555982
-0.831194 0.000000 0.555982
-0.831191 0.000000 0.555987
-0.831191 0.000000 0.555987
-0.831194 0.000000 0.555982
0.000000 0.831191 0.555987
0.000000 0.831191 0.555987
0.000000 -0.831198 -0.555976
0.831202 0.000000 -0.555971
0.831202 0.000000 -0.555971
0.000000 0.831198 -0.555976
0.000000 0.831198 -0.555976
0.000000 -0.831195 -0.555981
0.000000 -0.831195 -0.555981
0.831198 0.000000 -0.555976
0.831198 0.000000 -0.555976
-0.831198 0.000000 -0.555976
-0.831195 0.000000 -0.555981
-0.831195 0.000000 -0.555981
0.000000 0.831195 -0.555981
0.000000 0.831195 -0.555981
0.000000 -1.000000 0.000000
1.000000 0.000000 0.000000
0.000000 1.000000 0.000000
-1.000000 0.000000 0.000000
72
0 0 1 2 0 1 0 2
0 2 3 0 0 0 0 2
0 1 4 5 2 3 2 3
0 5 2 1 2 2 2 3
0 4 6 7 4 4 4 2
0 7 5 4 4 4 4 2
0 8 9 10 5 6 5 2
0 10 11 8 5 5 5 2
0 9 0 3 7 7 7 3
0 3 10 9 7 7 7 3
0 12 8 11 8 8 8 3
0 11 13 12 8 8 8 3
0 14 15 16 9 10 9 2
0 16 17 14 9 9 9 2
0 15 12 13 0 0 0 4
0 13 16 15 0 0 0 4
0 18 14 17 4 4 4 3
0 17 19 18 4 4 4 3
0 20 18 19 8 8 8 2
0 19 21 20 8 11 8 2
0 22 20 21 12 13 12 3
0 21 23 22 12 12 12 3
0 6 22 23 7 7 7 4
0 23 7 6 7 7 7 4
0 24 25 26 14 14 14 2
0 27 26 25 14 14 14 2
0 28 24 29 15 16 16 3
0 26 29 24 16 16 16 3
0 30 28 31 17 18 18 2
0 29 31 28 18 18 18 2
0 32 33 34 19 19 19 2
0 35 34 33 20 19 19 2
0 25 32 27 21 21 21 3
0 34 27 32 22 21 21 3
0 33 36 35 23 23 23 3
0 37 35 36 23 23 23 3
0 38 39 40 24 24 24 2
0 41 40 39 25 24 24 2
0 36 38 37 14 14 14 4
0 40 37 38 14 14 14 4
0 39 42 41 18 18 18 3
0 43 41 42 17 18 18 3
0 42 44 43 23 23 23 2
0 45 43 44 23 23 23 2
0 44 46 45 26 26 26 3
0 47 45 46 27 26 26 3
0 46 30 47 21 21 21 4
0 31 47 30 22 21 21 4
0 25 24 1 28 28 28 1
0 1 0 25 28 28 28 1
0 24 28 4 29 29 29 4
0 4 1 24 29 29 29 4
0 28 30 6 30 30 30 1
0 6 4 28 30 30 30 1
0 33 32 9 28 28 28 1
0 9 8 33 28 28 28 1
0 32 25 0 29 29 29 4
0 0 9 32 29 29 29 4
0 36 33 8 31 31 31 5
0 8 12 36 31 31 31 5
0 39 38 15 31 31 31 1
0 15 14 39 31 31 31 1
0 38 36 12 28 28 28 6
0 12 15 38 28 28 28 6
0 42 39 14 30 30 30 4
0 14 18 42 30 30 30 4
0 44 42 18 31 31 31 1
0 18 20 44 31 31 31 1
0 46 44 20 30 30 30 5
0 20 22 46 30 30 30 5
0 30 46 22 29 29 29 6
0 22 6 30 29 29 29 6

Materials: 2
"1 - Default"
0.501961 1.000000 0.501961 1.000000
0.501961 1.000000 0.501961 1.000000
0.501961 1.000000 0.501961 1.000000
0.000000 0.000000 0.000000 1.000000
0.000000
1.000000
".\green sphere.png"
".\greenreflect sphere add.png"
"blackshine"
0.000000 0.000000 0.000000 1.000000
0.000000 0.000000 0.000000 1.000000
0.898039 0.898039 0.898039 1.000000
0.000000 0.000000 0.000000 1.000000
0.180000
1.000000
".\black sphere.png"
".\plastic sphere add.png"

Bones: 0
GroupComments: 0
MaterialComments: 0
BoneComments: 0
ModelComment: 0
