// MilkShape 3D ASCII

Frames: 30
Frame: 1

Meshes: 2
"minus-inner" 0 0
12
0 418.735748 -2.704383 5.069363 0.739653 0.461449 -1
0 436.196198 -2.704383 5.069363 0.742709 0.472759 -1
0 436.196198 2.706383 5.069363 0.757291 0.472759 -1
0 418.735748 2.706383 5.069363 0.760347 0.461449 -1
0 401.275238 2.706383 5.069363 0.767795 0.434408 -1
0 401.275238 -2.704383 5.069363 0.732205 0.434408 -1
0 436.196198 -2.704383 -5.067367 0.742709 0.527241 -1
0 418.735748 -2.704383 -5.067367 0.739653 0.538551 -1
0 436.196198 2.706383 -5.067367 0.757291 0.527241 -1
0 418.735748 2.706383 -5.067367 0.760347 0.538551 -1
0 401.275238 -2.704383 -5.067367 0.732205 0.565592 -1
0 401.275238 2.706383 -5.067367 0.767795 0.565592 -1
2
0.000000 0.000000 1.000000
0.000000 0.000000 -1.000000
8
0 0 1 2 0 0 0 1
0 0 2 3 0 0 0 1
0 4 5 0 0 0 0 1
0 3 4 0 0 0 0 1
0 6 7 8 1 1 1 1
0 8 7 9 1 1 1 1
0 10 11 7 1 1 1 1
0 11 9 7 1 1 1 1
"minus-outer" 0 1
24
0 418.735748 -4.917366 1.760949 0.731250 0.486621 -1
0 438.409210 -4.917366 1.760949 0.737243 0.490883 -1
0 436.196198 -2.704383 5.069363 0.742709 0.472759 -1
0 418.735748 -2.704383 5.069363 0.739653 0.461449 -1
0 438.409210 4.919365 1.760949 0.762757 0.490883 -1
0 436.196198 2.706383 5.069363 0.757291 0.472759 -1
0 418.735748 4.919365 1.760949 0.768749 0.486621 -1
0 418.735748 2.706383 5.069363 0.760347 0.461449 -1
0 399.062225 4.919365 1.760949 0.785187 0.475074 -1
0 399.062225 -4.917366 1.760949 0.714813 0.475074 -1
0 401.275238 -2.704383 5.069363 0.732205 0.434408 -1
0 401.275238 2.706383 5.069363 0.767795 0.434408 -1
0 438.409210 -4.917366 -1.758903 0.737243 0.509117 -1
0 418.735748 -4.917366 -1.758903 0.731250 0.513379 -1
0 436.196198 -2.704383 -5.067367 0.742709 0.527241 -1
0 418.735748 -2.704383 -5.067367 0.739653 0.538551 -1
0 438.409210 4.919365 -1.758903 0.762757 0.509117 -1
0 436.196198 2.706383 -5.067367 0.757291 0.527241 -1
0 418.735748 4.919365 -1.758903 0.768749 0.513379 -1
0 418.735748 2.706383 -5.067367 0.760347 0.538551 -1
0 399.062225 -4.917366 -1.758903 0.714813 0.524926 -1
0 399.062225 4.919365 -1.758903 0.785187 0.524926 -1
0 401.275238 -2.704383 -5.067367 0.732205 0.565592 -1
0 401.275238 2.706383 -5.067367 0.767795 0.565592 -1
12
0.000000 -0.831194 0.555982
0.831191 0.000000 0.555987
0.000000 0.831194 0.555982
-0.831191 0.000000 0.555987
0.000000 -0.831198 -0.555976
0.831195 0.000000 -0.555981
0.000000 0.831198 -0.555976
-0.831195 0.000000 -0.555981
0.000000 -1.000000 0.000000
1.000000 0.000000 0.000000
0.000000 1.000000 0.000000
-1.000000 0.000000 0.000000
36
0 0 1 2 0 0 0 2
0 2 3 0 0 0 0 2
0 1 4 5 1 1 1 3
0 5 2 1 1 1 1 3
0 4 6 7 2 2 2 2
0 7 5 4 2 2 2 2
0 8 9 10 3 3 3 2
0 10 11 8 3 3 3 2
0 9 0 3 0 0 0 4
0 3 10 9 0 0 0 4
0 6 8 11 2 2 2 3
0 11 7 6 2 2 2 3
0 12 13 14 4 4 4 2
0 15 14 13 4 4 4 2
0 16 12 17 5 5 5 3
0 14 17 12 5 5 5 3
0 18 16 19 6 6 6 2
0 17 19 16 6 6 6 2
0 20 21 22 7 7 7 2
0 23 22 21 7 7 7 2
0 13 20 15 4 4 4 4
0 22 15 20 4 4 4 4
0 21 18 23 6 6 6 3
0 19 23 18 6 6 6 3
0 13 12 1 8 8 8 1
0 1 0 13 8 8 8 1
0 12 16 4 9 9 9 4
0 4 1 12 9 9 9 4
0 16 18 6 10 10 10 1
0 6 4 16 10 10 10 1
0 21 20 9 11 11 11 1
0 9 8 21 11 11 11 1
0 20 13 0 8 8 8 6
0 0 9 20 8 8 8 6
0 18 21 8 10 10 10 4
0 8 6 18 10 10 10 4

Materials: 2
"1 - Default"
0.717647 0.050980 0.000000 1.000000
0.717647 0.050980 0.000000 1.000000
0.898039 0.898039 0.898039 1.000000
0.000000 0.000000 0.000000 1.000000
0.100000
1.000000
".\red sphere.png"
".\redreflect sphere add.png"
"blackshine"
0.000000 0.000000 0.000000 1.000000
0.000000 0.000000 0.000000 1.000000
0.898039 0.898039 0.898039 1.000000
0.000000 0.000000 0.000000 1.000000
0.180000
1.000000
".\black sphere.png"
".\plastic sphere add.png"

Bones: 0
