// MilkShape 3D ASCII

Frames: 30
Frame: 1

Meshes: 2
"plus-inner" 0 0
24
0 2.706383 -2.704383 5.069363 0.000000 0.000000 -1
0 17.461510 -2.704383 5.069363 0.000000 0.000000 -1
0 17.461510 2.706383 5.069363 0.000000 0.000000 -1
0 2.706383 2.706383 5.069363 0.000000 0.000000 -1
0 -2.704383 -17.459480 5.069363 0.000000 0.000000 -1
0 2.706383 -17.459480 5.069363 0.000000 0.000000 -1
0 -2.704383 -2.704383 5.069363 0.000000 0.000000 -1
0 -17.459480 2.706383 5.069363 0.000000 0.000000 -1
0 -17.459480 -2.704383 5.069363 0.000000 0.000000 -1
0 -2.704383 2.706383 5.069363 0.000000 0.000000 -1
0 -2.704383 17.461479 5.069363 0.000000 0.000000 -1
0 2.706383 17.461479 5.069363 0.000000 0.000000 -1
0 17.461510 -2.704383 -5.067367 0.000000 0.000000 -1
0 2.706383 -2.704383 -5.067367 0.000000 0.000000 -1
0 17.461510 2.706383 -5.067367 0.000000 0.000000 -1
0 2.706383 2.706383 -5.067367 0.000000 0.000000 -1
0 2.706383 -17.459480 -5.067367 0.000000 0.000000 -1
0 -2.704383 -17.459480 -5.067367 0.000000 0.000000 -1
0 -2.704383 -2.704383 -5.067367 0.000000 0.000000 -1
0 -17.459480 -2.704383 -5.067367 0.000000 0.000000 -1
0 -17.459480 2.706383 -5.067367 0.000000 0.000000 -1
0 -2.704383 2.706383 -5.067367 0.000000 0.000000 -1
0 -2.704383 17.461479 -5.067367 0.000000 0.000000 -1
0 2.706383 17.461479 -5.067367 0.000000 0.000000 -1
2
0.000000 0.000000 1.000000
0.000000 0.000000 -1.000000
20
0 0 1 2 0 0 0 1
0 0 2 3 0 0 0 1
0 4 5 0 0 0 0 1
0 6 4 0 0 0 0 1
0 6 0 3 0 0 0 1
0 7 8 6 0 0 0 1
0 9 7 6 0 0 0 1
0 9 6 3 0 0 0 1
0 10 9 3 0 0 0 1
0 11 10 3 0 0 0 1
0 12 13 14 1 1 1 1
0 14 13 15 1 1 1 1
0 16 17 13 1 1 1 1
0 17 18 13 1 1 1 1
0 13 18 15 1 1 1 1
0 19 20 18 1 1 1 1
0 20 21 18 1 1 1 1
0 18 21 15 1 1 1 1
0 21 22 15 1 1 1 1
0 22 23 15 1 1 1 1
"plus-outer" 0 1
48
0 4.919365 -4.917366 1.760949 0.000000 0.000000 -1
0 19.674461 -4.917366 1.760949 0.000000 0.000000 -1
0 17.461510 -2.704383 5.069363 0.000000 0.000000 -1
0 2.706383 -2.704383 5.069363 0.000000 0.000000 -1
0 19.674461 4.919365 1.760949 0.000000 0.000000 -1
0 17.461510 2.706383 5.069363 0.000000 0.000000 -1
0 4.919365 4.919365 1.760949 0.000000 0.000000 -1
0 2.706383 2.706383 5.069363 0.000000 0.000000 -1
0 -4.917366 -19.672493 1.760949 0.000000 0.000000 -1
0 4.919365 -19.672493 1.760949 0.000000 0.000000 -1
0 2.706383 -17.459480 5.069363 0.000000 0.000000 -1
0 -2.704383 -17.459480 5.069363 0.000000 0.000000 -1
0 -4.917366 -4.917366 1.760949 0.000000 0.000000 -1
0 -2.704383 -2.704383 5.069363 0.000000 0.000000 -1
0 -19.672493 4.919365 1.760949 0.000000 0.000000 -1
0 -19.672493 -4.917366 1.760949 0.000000 0.000000 -1
0 -17.459480 -2.704383 5.069363 0.000000 0.000000 -1
0 -17.459480 2.706383 5.069363 0.000000 0.000000 -1
0 -4.917366 4.919365 1.760949 0.000000 0.000000 -1
0 -2.704383 2.706383 5.069363 0.000000 0.000000 -1
0 -4.917366 19.674492 1.760949 0.000000 0.000000 -1
0 -2.704383 17.461479 5.069363 0.000000 0.000000 -1
0 4.919365 19.674492 1.760949 0.000000 0.000000 -1
0 2.706383 17.461479 5.069363 0.000000 0.000000 -1
0 19.674461 -4.917366 -1.758903 0.000000 0.000000 -1
0 4.919365 -4.917366 -1.758903 0.000000 0.000000 -1
0 17.461510 -2.704383 -5.067367 0.000000 0.000000 -1
0 2.706383 -2.704383 -5.067367 0.000000 0.000000 -1
0 19.674461 4.919365 -1.758903 0.000000 0.000000 -1
0 17.461510 2.706383 -5.067367 0.000000 0.000000 -1
0 4.919365 4.919365 -1.758903 0.000000 0.000000 -1
0 2.706383 2.706383 -5.067367 0.000000 0.000000 -1
0 4.919365 -19.672493 -1.758903 0.000000 0.000000 -1
0 -4.917366 -19.672493 -1.758903 0.000000 0.000000 -1
0 2.706383 -17.459480 -5.067367 0.000000 0.000000 -1
0 -2.704383 -17.459480 -5.067367 0.000000 0.000000 -1
0 -4.917366 -4.917366 -1.758903 0.000000 0.000000 -1
0 -2.704383 -2.704383 -5.067367 0.000000 0.000000 -1
0 -19.672493 -4.917366 -1.758903 0.000000 0.000000 -1
0 -19.672493 4.919365 -1.758903 0.000000 0.000000 -1
0 -17.459480 -2.704383 -5.067367 0.000000 0.000000 -1
0 -17.459480 2.706383 -5.067367 0.000000 0.000000 -1
0 -4.917366 4.919365 -1.758903 0.000000 0.000000 -1
0 -2.704383 2.706383 -5.067367 0.000000 0.000000 -1
0 -4.917366 19.674492 -1.758903 0.000000 0.000000 -1
0 -2.704383 17.461479 -5.067367 0.000000 0.000000 -1
0 4.919365 19.674492 -1.758903 0.000000 0.000000 -1
0 2.706383 17.461479 -5.067367 0.000000 0.000000 -1
21
0.000000 -0.831194 0.555982
0.831198 0.000000 0.555977
0.000000 0.831194 0.555982
0.000000 -0.831191 0.555987
0.831194 0.000000 0.555982
-0.831194 0.000000 0.555982
-0.831191 0.000000 0.555987
0.000000 0.831191 0.555987
0.000000 -0.831198 -0.555976
0.831202 0.000000 -0.555971
0.831202 0.000000 -0.555971
0.000000 0.831198 -0.555976
0.000000 -0.831195 -0.555981
0.831198 0.000000 -0.555976
-0.831198 0.000000 -0.555976
-0.831195 0.000000 -0.555981
0.000000 0.831195 -0.555981
0.000000 -1.000000 0.000000
1.000000 0.000000 0.000000
0.000000 1.000000 0.000000
-1.000000 0.000000 0.000000
72
0 0 1 2 0 0 0 2
0 2 3 0 0 0 0 2
0 1 4 5 1 1 1 3
0 5 2 1 1 1 1 3
0 4 6 7 2 2 2 2
0 7 5 4 2 2 2 2
0 8 9 10 3 3 3 2
0 10 11 8 3 3 3 2
0 9 0 3 4 4 4 3
0 3 10 9 4 4 4 3
0 12 8 11 5 5 5 3
0 11 13 12 5 5 5 3
0 14 15 16 6 6 6 2
0 16 17 14 6 6 6 2
0 15 12 13 0 0 0 4
0 13 16 15 0 0 0 4
0 18 14 17 2 2 2 3
0 17 19 18 2 2 2 3
0 20 18 19 5 5 5 2
0 19 21 20 5 5 5 2
0 22 20 21 7 7 7 3
0 21 23 22 7 7 7 3
0 6 22 23 4 4 4 4
0 23 7 6 4 4 4 4
0 24 25 26 8 8 8 2
0 27 26 25 8 8 8 2
0 28 24 29 9 10 10 3
0 26 29 24 10 10 10 3
0 30 28 31 11 11 11 2
0 29 31 28 11 11 11 2
0 32 33 34 12 12 12 2
0 35 34 33 12 12 12 2
0 25 32 27 13 13 13 3
0 34 27 32 13 13 13 3
0 33 36 35 14 14 14 3
0 37 35 36 14 14 14 3
0 38 39 40 15 15 15 2
0 41 40 39 15 15 15 2
0 36 38 37 8 8 8 4
0 40 37 38 8 8 8 4
0 39 42 41 11 11 11 3
0 43 41 42 11 11 11 3
0 42 44 43 14 14 14 2
0 45 43 44 14 14 14 2
0 44 46 45 16 16 16 3
0 47 45 46 16 16 16 3
0 46 30 47 13 13 13 4
0 31 47 30 13 13 13 4
0 25 24 1 17 17 17 1
0 1 0 25 17 17 17 1
0 24 28 4 18 18 18 4
0 4 1 24 18 18 18 4
0 28 30 6 19 19 19 1
0 6 4 28 19 19 19 1
0 33 32 9 17 17 17 1
0 9 8 33 17 17 17 1
0 32 25 0 18 18 18 4
0 0 9 32 18 18 18 4
0 36 33 8 20 20 20 5
0 8 12 36 20 20 20 5
0 39 38 15 20 20 20 1
0 15 14 39 20 20 20 1
0 38 36 12 17 17 17 6
0 12 15 38 17 17 17 6
0 42 39 14 19 19 19 4
0 14 18 42 19 19 19 4
0 44 42 18 20 20 20 1
0 18 20 44 20 20 20 1
0 46 44 20 19 19 19 5
0 20 22 46 19 19 19 5
0 30 46 22 18 18 18 6
0 22 6 30 18 18 18 6

Materials: 2
"1 - Default"
0.717647 0.050980 0.000000 1.000000
0.717647 0.050980 0.000000 1.000000
0.898039 0.898039 0.898039 1.000000
0.000000 0.000000 0.000000 1.000000
0.100000
1.000000
".\red sphere.png"
".\redreflect sphere add.png"
"blackshine"
0.000000 0.000000 0.000000 1.000000
0.000000 0.000000 0.000000 1.000000
0.898039 0.898039 0.898039 1.000000
0.000000 0.000000 0.000000 1.000000
0.180000
1.000000
".\black sphere.png"
".\plastic sphere add.png"

Bones: 0
