// MilkShape 3D ASCII

Frames: 30
Frame: 1

Meshes: 2
"minus-inner" 1 0
12
1 -0.264252 -2.704383 5.069363 0.739653 0.461449 -1
1 17.196198 -2.704383 5.069363 0.742709 0.472759 -1
1 17.196198 2.706383 5.069363 0.757291 0.472759 -1
1 -0.264252 2.706383 5.069363 0.760347 0.461449 -1
1 -17.724762 2.706383 5.069363 0.767795 0.434408 -1
1 -17.724762 -2.704383 5.069363 0.732205 0.434408 -1
1 17.196198 -2.704383 -5.067367 0.742709 0.527241 -1
1 -0.264252 -2.704383 -5.067367 0.739653 0.538551 -1
1 17.196198 2.706383 -5.067367 0.757291 0.527241 -1
1 -0.264252 2.706383 -5.067367 0.760347 0.538551 -1
1 -17.724762 -2.704383 -5.067367 0.732205 0.565592 -1
1 -17.724762 2.706383 -5.067367 0.767795 0.565592 -1
2
0.000000 0.000000 1.000000
0.000000 0.000000 -1.000000
8
1 0 1 2 0 0 0 1
1 0 2 3 0 0 0 1
1 4 5 0 0 0 0 1
1 3 4 0 0 0 0 1
1 6 7 8 1 1 1 1
1 8 7 9 1 1 1 1
1 10 11 7 1 1 1 1
1 11 9 7 1 1 1 1
"minus-outer" 1 1
24
1 -0.264252 -4.917366 1.760949 0.731250 0.486621 -1
1 19.409210 -4.917366 1.760949 0.737243 0.490883 -1
1 17.196198 -2.704383 5.069363 0.742709 0.472759 -1
1 -0.264252 -2.704383 5.069363 0.739653 0.461449 -1
1 19.409210 4.919365 1.760949 0.762757 0.490883 -1
1 17.196198 2.706383 5.069363 0.757291 0.472759 -1
1 -0.264252 4.919365 1.760949 0.768749 0.486621 -1
1 -0.264252 2.706383 5.069363 0.760347 0.461449 -1
1 -19.937775 4.919365 1.760949 0.785187 0.475074 -1
1 -19.937775 -4.917366 1.760949 0.714813 0.475074 -1
1 -17.724762 -2.704383 5.069363 0.732205 0.434408 -1
1 -17.724762 2.706383 5.069363 0.767795 0.434408 -1
1 19.409210 -4.917366 -1.758903 0.737243 0.509117 -1
1 -0.264252 -4.917366 -1.758903 0.731250 0.513379 -1
1 17.196198 -2.704383 -5.067367 0.742709 0.527241 -1
1 -0.264252 -2.704383 -5.067367 0.739653 0.538551 -1
1 19.409210 4.919365 -1.758903 0.762757 0.509117 -1
1 17.196198 2.706383 -5.067367 0.757291 0.527241 -1
1 -0.264252 4.919365 -1.758903 0.768749 0.513379 -1
1 -0.264252 2.706383 -5.067367 0.760347 0.538551 -1
1 -19.937775 -4.917366 -1.758903 0.714813 0.524926 -1
1 -19.937775 4.919365 -1.758903 0.785187 0.524926 -1
1 -17.724762 -2.704383 -5.067367 0.732205 0.565592 -1
1 -17.724762 2.706383 -5.067367 0.767795 0.565592 -1
18
0.000000 -0.831194 0.555982
0.831191 0.000000 0.555987
0.831191 0.000000 0.555987
0.000000 0.831194 0.555982
-0.831191 0.000000 0.555987
-0.831191 0.000000 0.555987
0.000000 -0.831194 0.555982
0.000000 -0.831198 -0.555976
0.831195 0.000000 -0.555981
0.831195 0.000000 -0.555981
0.000000 0.831198 -0.555976
0.000000 0.831198 -0.555976
-0.831195 0.000000 -0.555981
-0.831195 0.000000 -0.555981
0.000000 -1.000000 0.000000
1.000000 0.000000 0.000000
0.000000 1.000000 0.000000
-1.000000 0.000000 0.000000
36
1 0 1 2 0 0 0 2
1 2 3 0 0 0 0 2
1 1 4 5 1 2 1 3
1 5 2 1 1 1 1 3
1 4 6 7 3 3 3 2
1 7 5 4 3 3 3 2
1 8 9 10 4 5 4 2
1 10 11 8 4 4 4 2
1 9 0 3 6 6 6 4
1 3 10 9 6 6 6 4
1 6 8 11 3 3 3 3
1 11 7 6 3 3 3 3
1 12 13 14 7 7 7 2
1 15 14 13 7 7 7 2
1 16 12 17 8 8 8 3
1 14 17 12 9 8 8 3
1 18 16 19 10 10 10 2
1 17 19 16 11 10 10 2
1 20 21 22 12 12 12 2
1 23 22 21 13 12 12 2
1 13 20 15 7 7 7 4
1 22 15 20 7 7 7 4
1 21 18 23 11 10 10 3
1 19 23 18 10 10 10 3
1 13 12 1 14 14 14 1
1 1 0 13 14 14 14 1
1 12 16 4 15 15 15 4
1 4 1 12 15 15 15 4
1 16 18 6 16 16 16 1
1 6 4 16 16 16 16 1
1 21 20 9 17 17 17 1
1 9 8 21 17 17 17 1
1 20 13 0 14 14 14 6
1 0 9 20 14 14 14 6
1 18 21 8 16 16 16 4
1 8 6 18 16 16 16 4

Materials: 2
"1 - Default"
1.000000 0.000000 0.000000 1.000000
1.000000 0.000000 0.000000 1.000000
1.000000 0.000000 0.000000 1.000000
0.000000 0.000000 0.000000 1.000000
0.100000
1.000000
".\red sphere.png"
".\redreflect sphere add.png"
"blackshine"
0.000000 0.000000 0.000000 1.000000
0.000000 0.000000 0.000000 1.000000
0.898039 0.898039 0.898039 1.000000
0.000000 0.000000 0.000000 1.000000
0.180000
1.000000
".\black sphere.png"
".\plastic sphere add.png"

Bones: 0
GroupComments: 0
MaterialComments: 0
BoneComments: 0
ModelComment: 0
