// MilkShape 3D ASCII

Frames: 30
Frame: 1

Meshes: 2
"S-Inner" 0 0
192
0 -20.950020 16.206703 4.809512 0.145216 0.442836 -1
0 39.629047 16.206703 4.809512 -0.188217 0.464399 -1
0 37.774014 18.135712 10.005504 -0.178762 0.425395 -1
0 -22.593933 18.112686 10.005504 0.142458 0.394116 -1
0 39.629047 16.206703 4.809512 0.811783 0.464399 -1
0 39.380386 18.612759 4.809512 0.820269 0.465001 -1
0 37.774014 18.135712 10.005504 0.821238 0.425395 -1
0 38.634388 20.922623 4.809512 0.828993 0.465300 -1
0 37.158222 20.058083 10.005504 0.828777 0.425947 -1
0 37.391064 23.136311 4.809512 0.838187 0.465327 -1
0 36.116707 21.912457 10.005504 0.836792 0.425978 -1
0 35.443542 25.301662 4.809512 0.848670 0.464993 -1
0 34.498112 23.712090 10.005504 0.845839 0.425325 -1
0 33.081432 26.600861 4.809512 0.857785 0.464095 -1
0 32.608330 24.751499 10.005504 0.853334 0.423704 -1
0 30.304747 27.033936 4.809512 0.865931 0.462484 -1
0 30.194670 25.127953 10.005504 0.860464 0.420618 -1
0 30.304747 27.033936 4.809512 -0.134069 0.462484 -1
0 -30.302748 27.033947 4.809512 0.134069 0.462484 -1
0 -30.210217 25.127964 10.005504 0.139582 0.420644 -1
0 30.194670 25.127953 10.005504 -0.139536 0.420618 -1
0 20.952021 -16.204708 4.809512 0.645216 0.442836 -1
0 -39.627048 -16.204708 4.809512 0.311783 0.464399 -1
0 -37.778400 -18.108639 10.005504 0.321141 0.425386 -1
0 22.595934 -18.110691 10.005504 0.642458 0.394116 -1
0 -39.388809 -18.550343 4.809512 0.320053 0.464988 -1
0 -38.674072 -20.823961 4.809512 0.328613 0.465293 -1
0 -37.189091 -19.981873 10.005504 0.328472 0.425937 -1
0 -37.482868 -23.025562 4.809512 0.337674 0.465345 -1
0 -36.193451 -21.822033 10.005504 0.336354 0.426014 -1
0 -35.524502 -25.251331 4.809512 0.348350 0.465025 -1
0 -34.567318 -23.670200 10.005504 0.345561 0.425387 -1
0 -33.131123 -26.586794 4.809512 0.357628 0.464123 -1
0 -32.652439 -24.738667 10.005504 0.353192 0.423758 -1
0 -30.302746 -27.031948 4.809512 0.365931 0.462484 -1
0 -30.191677 -25.125963 10.005504 0.360466 0.420616 -1
0 30.304749 -27.031948 4.809512 0.634069 0.462484 -1
0 30.201950 -25.125965 10.005504 0.639555 0.420629 -1
0 32.283543 -26.743887 4.809512 0.639888 0.463648 -1
0 31.883053 -24.881239 10.005504 0.644527 0.422807 -1
0 34.241695 -25.879698 4.809512 0.646990 0.464487 -1
0 33.497738 -24.168634 10.005504 0.650521 0.424361 -1
0 36.179222 -24.439386 4.809512 0.655441 0.465084 -1
0 35.129589 -22.955557 10.005504 0.657876 0.425504 -1
0 38.095795 -22.134521 4.809512 0.666224 0.465397 -1
0 36.731781 -21.028759 10.005504 0.667242 0.426116 -1
0 39.245728 -19.397320 4.809512 0.676937 0.465176 -1
0 37.653873 -18.833900 10.005504 0.676180 0.425737 -1
0 39.629047 -16.227779 4.809512 0.688138 0.464406 -1
0 37.985134 -16.094801 10.005504 0.686209 0.424268 -1
0 39.629047 -5.424707 4.809512 0.728344 0.461916 -1
0 37.985134 -5.538679 10.005504 0.726951 0.418845 -1
0 20.952021 -5.447776 4.809512 0.709505 0.430426 -1
0 22.595934 -3.541793 10.005504 0.725247 0.368744 -1
0 39.380493 -3.023656 4.809512 0.737800 0.461436 -1
0 37.771854 -3.478368 10.005504 0.735380 0.417913 -1
0 38.634811 -0.718551 4.809512 0.747036 0.460591 -1
0 37.159103 -1.584192 10.005504 0.743214 0.416356 -1
0 37.392014 1.490622 4.809512 0.756337 0.459320 -1
0 36.118519 0.265532 10.005504 0.751166 0.413987 -1
0 35.445332 3.651091 4.809512 0.766332 0.457302 -1
0 34.500999 2.060688 10.005504 0.759490 0.410310 -1
0 33.084488 4.947369 4.809512 0.773621 0.454555 -1
0 32.612110 3.097828 10.005504 0.765069 0.405649 -1
0 30.309484 5.379464 4.809512 0.777952 0.450675 -1
0 30.199591 3.473483 10.005504 0.768221 0.398792 -1
0 30.309484 5.379464 4.809512 -0.222048 0.450675 -1
0 -20.950020 5.379464 4.809512 0.210006 0.430371 -1
0 -22.593931 3.473483 10.005504 0.225730 0.368689 -1
0 30.199591 3.473483 10.005504 -0.231779 0.398792 -1
0 -30.307484 -5.447776 4.809512 0.278310 0.450694 -1
0 -30.192606 -3.541793 10.005504 0.268590 0.398802 -1
0 -33.041218 -5.002622 4.809512 0.273919 0.454512 -1
0 -32.554550 -3.157178 10.005504 0.265391 0.405515 -1
0 -35.402061 -3.667158 4.809512 0.266432 0.457256 -1
0 -34.447323 -2.086492 10.005504 0.259633 0.410187 -1
0 -37.390011 -1.441390 4.809512 0.256136 0.459319 -1
0 -36.109581 -0.225377 10.005504 0.250998 0.413971 -1
0 -38.632805 0.808060 4.809512 0.246676 0.460593 -1
0 -37.156731 1.669957 10.005504 0.242856 0.416363 -1
0 -39.378494 3.081681 4.809512 0.237575 0.461440 -1
0 -37.771881 3.545563 10.005504 0.235109 0.417930 -1
0 -39.627048 5.379464 4.809512 0.228530 0.461910 -1
0 -37.983139 5.498517 10.005504 0.227124 0.418832 -1
0 -39.627048 16.206703 4.809512 0.188217 0.464399 -1
0 -37.983139 16.081741 10.005504 0.186262 0.424258 -1
0 -39.254044 19.490734 4.809512 0.176656 0.465216 -1
0 -37.657284 18.950634 10.005504 0.175801 0.425833 -1
0 -38.135059 22.269684 4.809512 0.165884 0.465477 -1
0 -36.758949 21.181614 10.005504 0.166806 0.426285 -1
0 -36.270077 24.543549 4.809512 0.155322 0.465190 -1
0 -35.216145 23.062660 10.005504 0.157726 0.425729 -1
0 -34.405186 25.927101 4.809512 0.147225 0.464618 -1
0 -33.674679 24.206272 10.005504 0.150812 0.424652 -1
0 -32.416084 26.757229 4.809512 0.140179 0.463743 -1
0 -32.040386 24.888325 10.005504 0.144896 0.423043 -1
0 39.629047 16.206703 -4.820854 -0.188217 0.535699 -1
0 -20.950022 16.206703 -4.820854 0.145216 0.557319 -1
0 37.774014 18.135712 -10.003501 -0.178762 0.574605 -1
0 -22.593933 18.112686 -10.003501 0.142458 0.605884 -1
0 39.380386 18.612759 -4.820854 0.820269 0.535095 -1
0 39.629047 16.206703 -4.820854 0.811783 0.535699 -1
0 37.774014 18.135712 -10.003501 0.821238 0.574605 -1
0 38.634388 20.922623 -4.820854 0.828993 0.534795 -1
0 37.158222 20.058083 -10.003503 0.828777 0.574053 -1
0 37.391064 23.136311 -4.820852 0.838187 0.534769 -1
0 36.116707 21.912457 -10.003502 0.836792 0.574022 -1
0 35.443539 25.301662 -4.820852 0.848670 0.535103 -1
0 34.498112 23.712090 -10.003502 0.845839 0.574675 -1
0 33.081429 26.600861 -4.820852 0.857785 0.536003 -1
0 32.608330 24.751499 -10.003502 0.853334 0.576296 -1
0 30.304745 27.033936 -4.820854 0.865931 0.537619 -1
0 30.194670 25.127953 -10.003502 0.860464 0.579382 -1
0 -30.302750 27.033947 -4.820854 0.134069 0.537619 -1
0 30.304745 27.033936 -4.820854 -0.134069 0.537619 -1
0 -30.210217 25.127964 -10.003502 0.139582 0.579356 -1
0 30.194670 25.127953 -10.003502 -0.139536 0.579382 -1
0 -39.627048 -16.204710 -4.820854 0.311783 0.535699 -1
0 20.952021 -16.204708 -4.820854 0.645216 0.557319 -1
0 -37.778400 -18.108639 -10.003501 0.321141 0.574614 -1
0 22.595934 -18.110691 -10.003501 0.642458 0.605884 -1
0 -39.388809 -18.550343 -4.820854 0.320053 0.535109 -1
0 -38.674072 -20.823963 -4.820852 0.328613 0.534803 -1
0 -37.189091 -19.981873 -10.003501 0.328472 0.574063 -1
0 -37.482868 -23.025562 -4.820854 0.337674 0.534751 -1
0 -36.193451 -21.822033 -10.003502 0.336354 0.573986 -1
0 -35.524502 -25.251331 -4.820854 0.348350 0.535071 -1
0 -34.567318 -23.670200 -10.003502 0.345561 0.574613 -1
0 -33.131123 -26.586794 -4.820854 0.357628 0.535976 -1
0 -32.652439 -24.738670 -10.003502 0.353192 0.576242 -1
0 -30.302746 -27.031948 -4.820854 0.365931 0.537619 -1
0 -30.191677 -25.125965 -10.003502 0.360466 0.579384 -1
0 30.304749 -27.031950 -4.820854 0.634069 0.537619 -1
0 30.201950 -25.125969 -10.003502 0.639555 0.579371 -1
0 32.283543 -26.743889 -4.820854 0.639888 0.536452 -1
0 31.883053 -24.881241 -10.003502 0.644527 0.577193 -1
0 34.241695 -25.879702 -4.820854 0.646990 0.535610 -1
0 33.497738 -24.168634 -10.003502 0.650521 0.575639 -1
0 36.179222 -24.439390 -4.820854 0.655441 0.535013 -1
0 35.129589 -22.955557 -10.003502 0.657876 0.574496 -1
0 38.095795 -22.134521 -4.820852 0.666224 0.534698 -1
0 36.731781 -21.028759 -10.003502 0.667242 0.573884 -1
0 39.245728 -19.397320 -4.820852 0.676937 0.534920 -1
0 37.653873 -18.833900 -10.003501 0.676180 0.574263 -1
0 39.629047 -16.227779 -4.820854 0.688138 0.535692 -1
0 37.985134 -16.094801 -10.003501 0.686209 0.575732 -1
0 39.629047 -5.424709 -4.820852 0.728344 0.538189 -1
0 37.985134 -5.538679 -10.003502 0.726951 0.581155 -1
0 20.952021 -5.447776 -4.820852 0.709505 0.569761 -1
0 22.595934 -3.541793 -10.003502 0.725247 0.631256 -1
0 39.380493 -3.023656 -4.820854 0.737800 0.538670 -1
0 37.771854 -3.478368 -10.003502 0.735380 0.582087 -1
0 38.634811 -0.718551 -4.820854 0.747036 0.539517 -1
0 37.159103 -1.584192 -10.003502 0.743214 0.583644 -1
0 37.392014 1.490626 -4.820854 0.756337 0.540791 -1
0 36.118519 0.265532 -10.003502 0.751166 0.586013 -1
0 35.445328 3.651091 -4.820854 0.766332 0.542815 -1
0 34.500999 2.060688 -10.003502 0.759490 0.589690 -1
0 33.084484 4.947373 -4.820854 0.773621 0.545569 -1
0 32.612110 3.097828 -10.003502 0.765069 0.594351 -1
0 30.309483 5.379467 -4.820854 0.777952 0.549460 -1
0 30.199591 3.473483 -10.003502 0.768221 0.601208 -1
0 -20.950022 5.379467 -4.820854 0.210006 0.569816 -1
0 30.309483 5.379467 -4.820854 -0.222048 0.549460 -1
0 -22.593931 3.473483 -10.003502 0.225730 0.631311 -1
0 30.199591 3.473483 -10.003502 -0.231779 0.601208 -1
0 -30.307484 -5.447776 -4.820852 0.278310 0.549440 -1
0 -30.192606 -3.541793 -10.003502 0.268590 0.601198 -1
0 -33.041218 -5.002622 -4.820852 0.273919 0.545613 -1
0 -32.554550 -3.157178 -10.003502 0.265391 0.594485 -1
0 -35.402061 -3.667158 -4.820854 0.266432 0.542862 -1
0 -34.447323 -2.086492 -10.003502 0.259633 0.589813 -1
0 -37.390011 -1.441390 -4.820854 0.256136 0.540793 -1
0 -36.109581 -0.225377 -10.003502 0.250998 0.586029 -1
0 -38.632805 0.808060 -4.820854 0.246676 0.539515 -1
0 -37.156731 1.669957 -10.003502 0.242856 0.583637 -1
0 -39.378494 3.081681 -4.820854 0.237575 0.538666 -1
0 -37.771881 3.545563 -10.003502 0.235109 0.582070 -1
0 -39.627048 5.379464 -4.820854 0.228530 0.538195 -1
0 -37.983139 5.498517 -10.003502 0.227124 0.581168 -1
0 -39.627048 16.206703 -4.820854 0.188217 0.535699 -1
0 -37.983139 16.081741 -10.003501 0.186262 0.575742 -1
0 -39.254044 19.490734 -4.820854 0.176656 0.534880 -1
0 -37.657284 18.950634 -10.003501 0.175801 0.574167 -1
0 -38.135063 22.269684 -4.820854 0.165884 0.534618 -1
0 -36.758949 21.181614 -10.003502 0.166806 0.573715 -1
0 -36.270077 24.543549 -4.820852 0.155322 0.534906 -1
0 -35.216145 23.062660 -10.003502 0.157726 0.574271 -1
0 -34.405190 25.927101 -4.820852 0.147225 0.535479 -1
0 -33.674679 24.206272 -10.003502 0.150812 0.575348 -1
0 -32.416088 26.757229 -4.820854 0.140179 0.536356 -1
0 -32.040386 24.888325 -10.003502 0.144896 0.576957 -1
286
0.000179 -0.938139 0.346260
0.000000 -0.937480 0.348039
0.000358 -0.938794 0.344480
0.948212 0.097996 0.302143
0.924215 0.227969 0.306361
0.857520 0.409260 0.311714
0.883736 0.350775 0.309786
0.906384 0.290341 0.306871
0.749020 0.579975 0.320309
0.790624 0.523700 0.317258
0.543410 0.769976 0.334429
0.627652 0.705128 0.329919
0.250817 0.904552 0.344786
0.355164 0.870001 0.341990
0.144731 0.927950 0.343455
0.144731 0.927950 0.343455
0.000000 0.938830 0.344380
-0.081415 0.935244 0.344514
-0.040707 0.937818 0.344733
0.000000 0.938830 0.344380
0.000016 0.938892 0.344212
0.000000 0.938950 0.344053
0.000032 0.938834 0.344371
-0.948389 -0.096325 0.302125
-0.925483 -0.223455 0.305859
-0.932687 -0.191925 0.305386
-0.862989 -0.398043 0.311146
-0.887286 -0.342375 0.309037
-0.756348 -0.570633 0.319866
-0.798106 -0.512526 0.316770
-0.549354 -0.765829 0.334240
-0.634273 -0.699309 0.329642
-0.253475 -0.903798 0.344817
-0.359129 -0.868385 0.341955
-0.048789 -0.937375 0.344889
-0.097578 -0.933674 0.344575
0.090376 -0.934409 0.344546
0.045188 -0.937582 0.344816
0.300594 -0.890214 0.342291
0.218431 -0.913143 0.344177
0.504592 -0.795981 0.334367
0.443238 -0.830646 0.336998
0.677151 -0.660045 0.325281
0.621744 -0.710944 0.328623
0.834754 -0.451472 0.315211
0.784815 -0.531273 0.319084
0.930385 -0.200654 0.306792
0.907082 -0.285971 0.308905
0.952443 -0.038204 0.302313
0.950069 -0.076408 0.302539
0.950959 0.065508 0.302302
0.952702 0.032754 0.302135
-0.953421 0.000000 0.301644
0.924021 0.229078 0.306117
0.938218 0.163835 0.304803
0.857259 0.409788 0.311739
0.883346 0.351991 0.309519
0.748525 0.580593 0.320347
0.790215 0.524296 0.317292
0.542800 0.770395 0.334454
0.627047 0.705652 0.329949
0.250448 0.904654 0.344785
0.354668 0.870201 0.341996
0.144496 0.927986 0.343458
0.144497 0.927986 0.343458
0.000000 0.938831 0.344379
-0.050445 -0.937274 0.344924
0.000000 -0.938830 0.344380
0.000000 -0.938830 0.344380
-0.100890 -0.933317 0.344588
-0.258445 -0.902427 0.344719
-0.364072 -0.866382 0.341810
-0.550526 -0.765129 0.333915
-0.632138 -0.701309 0.329496
-0.751740 -0.576522 0.320171
-0.793713 -0.519114 0.317080
-0.858890 -0.406590 0.311437
-0.883337 -0.352160 0.309353
-0.923018 -0.232982 0.306199
-0.937466 -0.167976 0.304863
-0.950734 -0.068425 0.302362
-0.952637 -0.034213 0.302179
-0.952557 0.035906 0.302234
-0.950461 0.071811 0.302434
0.953421 0.000000 0.301644
0.953421 0.000000 0.301644
0.953421 0.000000 0.301644
-0.932411 0.191569 0.306448
-0.910702 0.274767 0.308425
-0.840294 0.441264 0.314947
-0.789859 0.523864 0.318887
-0.679938 0.657203 0.325222
-0.622875 0.709929 0.328675
-0.498650 0.799499 0.334887
-0.431587 0.836474 0.337704
-0.284199 0.895454 0.342628
-0.203482 0.916518 0.344368
0.000000 -0.937187 -0.348826
0.000179 -0.937849 -0.347044
0.000358 -0.938507 -0.345261
0.923991 0.227914 -0.307076
0.947989 0.097973 -0.302849
0.857305 0.409157 -0.312438
0.883518 0.350687 -0.310507
0.906164 0.290271 -0.307586
0.748822 0.579822 -0.321049
0.790419 0.523563 -0.317992
0.543254 0.769754 -0.335193
0.627477 0.704930 -0.330675
0.250741 0.904274 -0.345568
0.355058 0.869739 -0.342766
0.144687 0.927668 -0.344234
0.144687 0.927668 -0.344234
-0.081390 0.934958 -0.345295
0.000000 0.938543 -0.345161
-0.040695 0.937530 -0.345515
0.000000 0.938543 -0.345161
-0.000000 0.938664 -0.344833
0.000016 0.938605 -0.344993
0.000032 0.938547 -0.345152
-0.925260 -0.223400 -0.306572
-0.948166 -0.096303 -0.302832
-0.932463 -0.191879 -0.306098
-0.862774 -0.397943 -0.311869
-0.887067 -0.342290 -0.309756
-0.756149 -0.570482 -0.320605
-0.797900 -0.512393 -0.317503
-0.549198 -0.765607 -0.335004
-0.634097 -0.699112 -0.330398
-0.253399 -0.903521 -0.345599
-0.359022 -0.868123 -0.342732
-0.048774 -0.937087 -0.345671
-0.097548 -0.933388 -0.345356
0.090349 -0.934123 -0.345327
0.045175 -0.937295 -0.345598
0.300504 -0.889945 -0.343068
0.218365 -0.912864 -0.344958
0.504446 -0.795751 -0.335132
0.443109 -0.830402 -0.337767
0.676967 -0.659864 -0.326029
0.621571 -0.710746 -0.329378
0.834541 -0.451355 -0.315942
0.784610 -0.531132 -0.319822
0.930160 -0.200605 -0.307508
0.906860 -0.285900 -0.309624
0.952219 -0.038195 -0.303020
0.949845 -0.076390 -0.303247
0.950735 0.065492 -0.303009
0.952478 0.032746 -0.302842
-0.953197 0.000000 -0.302350
-0.953197 0.000000 -0.302350
-0.953197 -0.000000 -0.302350
0.923798 0.229022 -0.306831
0.937994 0.163796 -0.305514
0.857044 0.409685 -0.312463
0.883128 0.351904 -0.310239
0.748327 0.580439 -0.321087
0.790011 0.524159 -0.318026
0.542645 0.770172 -0.335219
0.626872 0.705454 -0.330705
0.250373 0.904376 -0.345567
0.354562 0.869938 -0.342773
0.144452 0.927704 -0.344238
0.144453 0.927703 -0.344238
0.000000 0.938543 -0.345161
0.000000 -0.938544 -0.345161
-0.050429 -0.936987 -0.345706
-0.100859 -0.933031 -0.345369
-0.258367 -0.902151 -0.345500
-0.363963 -0.866121 -0.342586
-0.550369 -0.764908 -0.334679
-0.631962 -0.701111 -0.330252
-0.751542 -0.576369 -0.320911
-0.793508 -0.518979 -0.317814
-0.858675 -0.406488 -0.312161
-0.883119 -0.352073 -0.310073
-0.922795 -0.232925 -0.306913
-0.937242 -0.167936 -0.305575
-0.950510 -0.068409 -0.303069
-0.952413 -0.034205 -0.302886
-0.952333 0.035897 -0.302941
-0.950237 0.071794 -0.303142
0.953197 0.000000 -0.302350
0.953197 0.000000 -0.302349
0.953197 0.000000 -0.302349
-0.932186 0.191522 -0.307163
-0.910478 0.274699 -0.309143
-0.840080 0.441150 -0.315678
-0.789653 0.523726 -0.319625
-0.679753 0.657023 -0.325970
-0.622702 0.709731 -0.329429
-0.498507 0.799267 -0.335652
-0.431461 0.836228 -0.338474
-0.284114 0.895182 -0.343406
-0.203421 0.916238 -0.345149
0.000000 -1.000000 0.000000
0.994702 0.102800 0.000000
0.970693 0.240324 0.000000
0.985129 0.171814 0.000000
0.902442 0.430811 0.000000
0.929130 0.369752 0.000000
0.790581 0.612357 -0.000000
0.833606 0.552359 0.000000
0.576308 0.817233 -0.000000
0.664604 0.747196 -0.000000
0.266963 0.963707 -0.000000
0.377724 0.925918 -0.000000
0.154105 0.988054 -0.000000
0.154105 0.988054 -0.000000
0.000000 1.000000 -0.000000
-0.086717 0.996233 0.000000
-0.043358 0.999060 0.000000
-0.000000 1.000000 -0.000000
-0.000000 1.000000 -0.000000
0.000000 1.000000 0.000000
-0.994882 -0.101047 0.000000
-0.972071 -0.234687 0.000000
-0.985770 -0.168100 0.000000
-0.994882 -0.101047 0.000000
-0.908025 -0.418915 0.000000
-0.932946 -0.360016 0.000000
-0.798190 -0.602406 0.000000
-0.841350 -0.540491 0.000000
-0.582566 -0.812783 0.000000
-0.671542 -0.740966 0.000000
-0.269789 -0.962919 0.000000
-0.381931 -0.924191 0.000000
-0.051966 -0.998649 0.000000
-0.103931 -0.994585 0.000000
0.096260 -0.995356 0.000000
0.048130 -0.998841 0.000000
0.319795 -0.947487 0.000000
0.232517 -0.972592 0.000000
0.535284 -0.844672 0.000000
0.470647 -0.882322 0.000000
0.715959 -0.698142 0.000000
0.658160 -0.752878 0.000000
0.879469 -0.475957 0.000000
0.827954 -0.560796 0.000000
0.977497 -0.210949 0.000000
0.953687 -0.300801 0.000000
0.999196 -0.040086 0.000000
0.996781 -0.080171 0.000000
0.997635 0.068727 -0.000000
0.999409 0.034364 -0.000000
-1.000000 0.000000 0.000000
0.970602 0.240689 0.000000
0.985083 0.172082 -0.000000
0.902175 0.431371 0.000000
0.928927 0.370263 0.000000
0.790069 0.613018 0.000000
0.833184 0.552995 0.000000
0.575667 0.817684 -0.000000
0.663970 0.747759 -0.000000
0.266571 0.963815 0.000000
0.377198 0.926133 0.000000
0.153856 0.988093 0.000000
0.153856 0.988093 0.000000
0.000000 1.000000 0.000000
-0.053729 -0.998556 0.000000
-0.107458 -0.994210 0.000000
-0.275070 -0.961424 0.000000
-0.387165 -0.922010 0.000000
-0.583762 -0.811925 0.000000
-0.669265 -0.743024 0.000000
-0.793411 -0.608686 0.000000
-0.836809 -0.547495 0.000000
-0.903803 -0.427949 0.000000
-0.928869 -0.370408 0.000000
-0.969574 -0.244797 0.000000
-0.984313 -0.176433 0.000000
-0.997420 -0.071789 0.000000
-0.999356 -0.035894 0.000000
-0.999290 0.037672 0.000000
-0.997158 0.075344 0.000000
1.000000 0.000000 -0.000000
-0.979516 0.201368 0.000000
-0.957340 0.288963 0.000000
-0.885222 0.465170 0.000000
-0.833214 0.552951 0.000000
-0.718883 0.695131 0.000000
-0.659361 0.751826 0.000000
-0.529062 0.848583 0.000000
-0.458371 0.888761 0.000000
-0.302397 0.953182 0.000000
-0.216624 0.976255 0.000000
272
0 0 1 2 0 1 0 2
0 2 3 0 0 2 0 2
0 4 5 6 3 4 3 3
0 5 7 8 4 5 6 3
0 8 6 5 6 7 4 3
0 7 9 10 5 8 9 3
0 10 8 7 9 6 5 3
0 9 11 12 8 10 11 3
0 12 10 9 11 9 8 3
0 11 13 14 10 12 13 3
0 14 12 11 13 11 10 3
0 13 15 16 12 14 15 3
0 16 14 13 15 13 12 3
0 17 18 19 16 17 18 3
0 19 20 17 18 19 19 3
0 21 22 23 20 21 20 2
0 23 24 21 20 22 20 2
0 22 25 23 23 24 25 3
0 25 26 27 24 26 27 3
0 27 23 25 27 25 24 3
0 26 28 29 26 28 29 3
0 29 27 26 29 27 26 3
0 28 30 31 28 30 31 3
0 31 29 28 31 29 28 3
0 30 32 33 30 32 33 3
0 33 31 30 33 31 30 3
0 32 34 35 32 34 35 3
0 35 33 32 35 33 32 3
0 34 36 37 34 36 37 3
0 37 35 34 37 35 34 3
0 36 38 39 36 38 39 3
0 39 37 36 39 37 36 3
0 38 40 41 38 40 41 3
0 41 39 38 41 39 38 3
0 40 42 43 40 42 43 3
0 43 41 40 43 41 40 3
0 42 44 45 42 44 45 3
0 45 43 42 45 43 42 3
0 44 46 47 44 46 47 3
0 47 45 44 47 45 44 3
0 46 48 49 46 48 49 3
0 49 47 46 49 47 46 3
0 48 50 51 48 50 51 3
0 51 49 48 51 49 48 3
0 52 21 24 52 52 52 4
0 24 53 52 52 52 52 4
0 50 54 55 50 53 54 3
0 55 51 50 54 51 50 3
0 54 56 57 53 55 56 3
0 57 55 54 56 54 53 3
0 56 58 59 55 57 58 3
0 59 57 56 58 56 55 3
0 58 60 61 57 59 60 3
0 61 59 58 60 58 57 3
0 60 62 63 59 61 62 3
0 63 61 60 62 60 59 3
0 62 64 65 61 63 64 3
0 65 63 62 64 62 61 3
0 66 67 68 65 65 65 3
0 68 69 66 65 65 65 3
0 70 52 53 66 67 68 3
0 53 71 70 68 69 66 3
0 72 70 71 70 66 69 3
0 71 73 72 69 71 70 3
0 74 72 73 72 70 71 3
0 73 75 74 71 73 72 3
0 76 74 75 74 72 73 3
0 75 77 76 73 75 74 3
0 78 76 77 76 74 75 3
0 77 79 78 75 77 76 3
0 80 78 79 78 76 77 3
0 79 81 80 77 79 78 3
0 82 80 81 80 78 79 3
0 81 83 82 79 81 80 3
0 84 82 83 82 80 81 3
0 83 85 84 81 83 82 3
0 67 0 3 84 85 84 4
0 3 68 67 84 86 84 4
0 86 84 85 87 82 83 3
0 85 87 86 83 88 87 3
0 88 86 87 89 87 88 3
0 87 89 88 88 90 89 3
0 90 88 89 91 89 90 3
0 89 91 90 90 92 91 3
0 92 90 91 93 91 92 3
0 91 93 92 92 94 93 3
0 18 94 95 17 95 96 3
0 95 19 18 96 18 17 3
0 94 92 93 95 93 94 3
0 93 95 94 94 96 95 3
0 96 97 98 97 98 98 2
0 99 98 97 99 98 98 2
0 100 101 102 100 101 101 3
0 103 100 104 102 100 103 3
0 102 104 100 104 103 100 3
0 105 103 106 105 102 106 3
0 104 106 103 103 106 102 3
0 107 105 108 107 105 108 3
0 106 108 105 106 108 105 3
0 109 107 110 109 107 110 3
0 108 110 107 108 110 107 3
0 111 109 112 111 109 112 3
0 110 112 109 110 112 109 3
0 113 114 115 113 114 115 3
0 116 115 114 116 115 116 3
0 117 118 119 117 118 118 2
0 120 119 118 119 118 118 2
0 121 117 119 120 121 122 3
0 122 121 123 123 120 124 3
0 119 123 121 122 124 120 3
0 124 122 125 125 123 126 3
0 123 125 122 124 126 123 3
0 126 124 127 127 125 128 3
0 125 127 124 126 128 125 3
0 128 126 129 129 127 130 3
0 127 129 126 128 130 127 3
0 130 128 131 131 129 132 3
0 129 131 128 130 132 129 3
0 132 130 133 133 131 134 3
0 131 133 130 132 134 131 3
0 134 132 135 135 133 136 3
0 133 135 132 134 136 133 3
0 136 134 137 137 135 138 3
0 135 137 134 136 138 135 3
0 138 136 139 139 137 140 3
0 137 139 136 138 140 137 3
0 140 138 141 141 139 142 3
0 139 141 138 140 142 139 3
0 142 140 143 143 141 144 3
0 141 143 140 142 144 141 3
0 144 142 145 145 143 146 3
0 143 145 142 144 146 143 3
0 146 144 147 147 145 148 3
0 145 147 144 146 148 145 3
0 118 148 120 149 150 150 4
0 149 120 148 151 150 150 4
0 150 146 151 152 147 153 3
0 147 151 146 148 153 147 3
0 152 150 153 154 152 155 3
0 151 153 150 153 155 152 3
0 154 152 155 156 154 157 3
0 153 155 152 155 157 154 3
0 156 154 157 158 156 159 3
0 155 157 154 157 159 156 3
0 158 156 159 160 158 161 3
0 157 159 156 159 161 158 3
0 160 158 161 162 160 163 3
0 159 161 158 161 163 160 3
0 162 163 164 164 164 164 3
0 165 164 163 164 164 164 3
0 148 166 149 165 166 165 3
0 167 149 166 167 165 166 3
0 166 168 167 166 168 167 3
0 169 167 168 169 167 168 3
0 168 170 169 168 170 169 3
0 171 169 170 171 169 170 3
0 170 172 171 170 172 171 3
0 173 171 172 173 171 172 3
0 172 174 173 172 174 173 3
0 175 173 174 175 173 174 3
0 174 176 175 174 176 175 3
0 177 175 176 177 175 176 3
0 176 178 177 176 178 177 3
0 179 177 178 179 177 178 3
0 178 180 179 178 180 179 3
0 181 179 180 181 179 180 3
0 97 162 99 182 183 183 4
0 164 99 162 184 183 183 4
0 180 182 181 180 185 181 3
0 183 181 182 186 181 185 3
0 182 184 183 185 187 186 3
0 185 183 184 188 186 187 3
0 184 186 185 187 189 188 3
0 187 185 186 190 188 189 3
0 186 188 187 189 191 190 3
0 189 187 188 192 190 191 3
0 190 113 191 193 113 194 3
0 115 191 113 115 194 113 3
0 188 190 189 191 193 192 3
0 191 189 190 194 192 193 3
0 97 96 1 195 195 195 1
0 1 0 97 195 195 195 1
0 101 100 5 196 197 198 5
0 5 4 101 198 196 196 5
0 100 103 7 197 199 200 5
0 7 5 100 200 198 197 5
0 103 105 9 199 201 202 5
0 9 7 103 202 200 199 5
0 105 107 11 201 203 204 5
0 11 9 105 204 202 201 5
0 107 109 13 203 205 206 5
0 13 11 107 206 204 203 5
0 109 111 15 205 207 208 5
0 15 13 109 208 206 205 5
0 114 113 18 209 210 211 5
0 18 17 114 211 209 209 5
0 118 117 22 212 213 212 1
0 22 21 118 212 214 212 1
0 117 121 25 215 216 217 5
0 25 22 117 217 218 215 5
0 121 122 26 216 219 220 5
0 26 25 121 220 217 216 5
0 122 124 28 219 221 222 5
0 28 26 122 222 220 219 5
0 124 126 30 221 223 224 5
0 30 28 124 224 222 221 5
0 126 128 32 223 225 226 5
0 32 30 126 226 224 223 5
0 128 130 34 225 227 228 5
0 34 32 128 228 226 225 5
0 130 132 36 227 229 230 5
0 36 34 130 230 228 227 5
0 132 134 38 229 231 232 5
0 38 36 132 232 230 229 5
0 134 136 40 231 233 234 5
0 40 38 134 234 232 231 5
0 136 138 42 233 235 236 5
0 42 40 136 236 234 233 5
0 138 140 44 235 237 238 5
0 44 42 138 238 236 235 5
0 140 142 46 237 239 240 5
0 46 44 140 240 238 237 5
0 142 144 48 239 241 242 5
0 48 46 142 242 240 239 5
0 144 146 50 241 243 244 5
0 50 48 144 244 242 241 5
0 148 118 21 245 245 245 6
0 21 52 148 245 245 245 6
0 146 150 54 243 246 247 5
0 54 50 146 247 244 243 5
0 150 152 56 246 248 249 5
0 56 54 150 249 247 246 5
0 152 154 58 248 250 251 5
0 58 56 152 251 249 248 5
0 154 156 60 250 252 253 5
0 60 58 154 253 251 250 5
0 156 158 62 252 254 255 5
0 62 60 156 255 253 252 5
0 158 160 64 254 256 257 5
0 64 62 158 257 255 254 5
0 163 162 67 258 258 258 5
0 67 66 163 258 258 258 5
0 166 148 52 259 195 195 5
0 52 70 166 195 260 259 5
0 168 166 70 261 259 260 5
0 70 72 168 260 262 261 5
0 170 168 72 263 261 262 5
0 72 74 170 262 264 263 5
0 172 170 74 265 263 264 5
0 74 76 172 264 266 265 5
0 174 172 76 267 265 266 5
0 76 78 174 266 268 267 5
0 176 174 78 269 267 268 5
0 78 80 176 268 270 269 5
0 178 176 80 271 269 270 5
0 80 82 178 270 272 271 5
0 180 178 82 273 271 272 5
0 82 84 180 272 274 273 5
0 162 97 0 275 275 275 6
0 0 67 162 275 275 275 6
0 182 180 84 276 273 274 5
0 84 86 182 274 277 276 5
0 184 182 86 278 276 277 5
0 86 88 184 277 279 278 5
0 186 184 88 280 278 279 5
0 88 90 186 279 281 280 5
0 188 186 90 282 280 281 5
0 90 92 188 281 283 282 5
0 113 190 94 210 284 285 5
0 94 18 113 285 211 210 5
0 190 188 92 284 282 283 5
0 92 94 190 283 285 284 5
"S-Outer" 0 1
90
0 -22.593933 18.112686 10.005504 0.142458 0.394116 -1
0 37.774014 18.135712 10.005504 -0.178762 0.425395 -1
0 37.158222 20.058083 10.005504 -0.171223 0.425947 -1
0 36.116707 21.912457 10.005504 -0.163208 0.425978 -1
0 34.498112 23.712090 10.005504 -0.154161 0.425325 -1
0 32.608330 24.751499 10.005504 -0.146666 0.423704 -1
0 30.194670 25.127953 10.005504 -0.139536 0.420618 -1
0 -30.210217 25.127964 10.005504 0.139582 0.420644 -1
0 22.595934 -18.110691 10.005504 0.642458 0.394116 -1
0 -37.778400 -18.108639 10.005504 0.321141 0.425386 -1
0 -37.189091 -19.981873 10.005504 0.328472 0.425937 -1
0 -36.193451 -21.822033 10.005504 0.336354 0.426014 -1
0 -34.567318 -23.670200 10.005504 0.345561 0.425387 -1
0 -32.652439 -24.738667 10.005504 0.353192 0.423758 -1
0 -30.191677 -25.125963 10.005504 0.360466 0.420616 -1
0 30.201950 -25.125965 10.005504 0.639555 0.420629 -1
0 31.883053 -24.881239 10.005504 0.644527 0.422807 -1
0 33.497738 -24.168634 10.005504 0.650521 0.424361 -1
0 35.129589 -22.955557 10.005504 0.657876 0.425504 -1
0 36.731781 -21.028759 10.005504 0.667242 0.426116 -1
0 37.653873 -18.833900 10.005504 0.676180 0.425737 -1
0 37.985134 -16.094801 10.005504 0.686209 0.424268 -1
0 37.985134 -5.538679 10.005504 0.726951 0.418845 -1
0 22.595934 -3.541793 10.005504 0.725247 0.368744 -1
0 37.771854 -3.478368 10.005504 0.735380 0.417913 -1
0 37.159103 -1.584192 10.005504 0.743214 0.416356 -1
0 36.118519 0.265532 10.005504 0.751166 0.413987 -1
0 34.500999 2.060688 10.005504 0.759490 0.410310 -1
0 32.612110 3.097828 10.005504 0.765069 0.405649 -1
0 30.199591 3.473483 10.005504 0.768221 0.398792 -1
0 30.199591 3.473483 10.005504 -0.231779 0.398792 -1
0 -22.593931 3.473483 10.005504 0.225730 0.368689 -1
0 -30.192606 -3.541793 10.005504 0.268590 0.398802 -1
0 -32.554550 -3.157178 10.005504 0.265391 0.405515 -1
0 -34.447323 -2.086492 10.005504 0.259633 0.410187 -1
0 -36.109581 -0.225377 10.005504 0.250998 0.413971 -1
0 -37.156731 1.669957 10.005504 0.242856 0.416363 -1
0 -37.771881 3.545563 10.005504 0.235109 0.417930 -1
0 -37.983139 5.498517 10.005504 0.227124 0.418832 -1
0 -37.983139 16.081741 10.005504 0.186262 0.424258 -1
0 -37.657284 18.950634 10.005504 0.175801 0.425833 -1
0 -36.758949 21.181614 10.005504 0.166806 0.426285 -1
0 -35.216145 23.062660 10.005504 0.157726 0.425729 -1
0 -33.674679 24.206272 10.005504 0.150812 0.424652 -1
0 -32.040386 24.888325 10.005504 0.144896 0.423043 -1
0 37.774014 18.135712 -10.003501 -0.178762 0.574605 -1
0 -22.593933 18.112686 -10.003501 0.142458 0.605884 -1
0 37.158222 20.058083 -10.003503 -0.171223 0.574053 -1
0 36.116707 21.912457 -10.003502 -0.163208 0.574022 -1
0 34.498112 23.712090 -10.003502 -0.154161 0.574675 -1
0 32.608330 24.751499 -10.003502 -0.146666 0.576296 -1
0 30.194670 25.127953 -10.003502 -0.139536 0.579382 -1
0 -30.210217 25.127964 -10.003502 0.139582 0.579356 -1
0 -37.778400 -18.108639 -10.003501 0.321141 0.574614 -1
0 22.595934 -18.110691 -10.003501 0.642458 0.605884 -1
0 -37.189091 -19.981873 -10.003501 0.328472 0.574063 -1
0 -36.193451 -21.822033 -10.003502 0.336354 0.573986 -1
0 -34.567318 -23.670200 -10.003502 0.345561 0.574613 -1
0 -32.652439 -24.738670 -10.003502 0.353192 0.576242 -1
0 -30.191677 -25.125965 -10.003502 0.360466 0.579384 -1
0 30.201950 -25.125969 -10.003502 0.639555 0.579371 -1
0 31.883053 -24.881241 -10.003502 0.644527 0.577193 -1
0 33.497738 -24.168634 -10.003502 0.650521 0.575639 -1
0 35.129589 -22.955557 -10.003502 0.657876 0.574496 -1
0 36.731781 -21.028759 -10.003502 0.667242 0.573884 -1
0 37.653873 -18.833900 -10.003501 0.676180 0.574263 -1
0 37.985134 -16.094801 -10.003501 0.686209 0.575732 -1
0 37.985134 -5.538679 -10.003502 0.726951 0.581155 -1
0 22.595934 -3.541793 -10.003502 0.725247 0.631256 -1
0 37.771854 -3.478368 -10.003502 0.735380 0.582087 -1
0 37.159103 -1.584192 -10.003502 0.743214 0.583644 -1
0 36.118519 0.265532 -10.003502 0.751166 0.586013 -1
0 34.500999 2.060688 -10.003502 0.759490 0.589690 -1
0 32.612110 3.097828 -10.003502 0.765069 0.594351 -1
0 30.199591 3.473483 -10.003502 0.768221 0.601208 -1
0 30.199591 3.473483 -10.003502 -0.231779 0.601208 -1
0 -22.593931 3.473483 -10.003502 0.225730 0.631311 -1
0 -30.192606 -3.541793 -10.003502 0.268590 0.601198 -1
0 -32.554550 -3.157178 -10.003502 0.265391 0.594485 -1
0 -34.447323 -2.086492 -10.003502 0.259633 0.589813 -1
0 -36.109581 -0.225377 -10.003502 0.250998 0.586029 -1
0 -37.156731 1.669957 -10.003502 0.242856 0.583637 -1
0 -37.771881 3.545563 -10.003502 0.235109 0.582070 -1
0 -37.983139 5.498517 -10.003502 0.227124 0.581168 -1
0 -37.983139 16.081741 -10.003501 0.186262 0.575742 -1
0 -37.657284 18.950634 -10.003501 0.175801 0.574167 -1
0 -36.758949 21.181614 -10.003502 0.166806 0.573715 -1
0 -35.216145 23.062660 -10.003502 0.157726 0.574271 -1
0 -33.674679 24.206272 -10.003502 0.150812 0.575348 -1
0 -32.040386 24.888325 -10.003502 0.144896 0.576957 -1
30
0.000000 0.000000 1.000000
0.000000 -0.000001 -1.000000
-0.000000 -0.000000 -1.000000
-0.000000 -0.000000 -1.000000
-0.000000 0.000000 -1.000000
-0.000000 -0.000000 -1.000000
-0.000000 -0.000000 -1.000000
-0.000000 -0.000000 -1.000000
0.000000 -0.000000 -1.000000
0.000000 0.000000 -1.000000
-0.000000 0.000000 -1.000000
-0.000000 0.000000 -1.000000
-0.000000 0.000000 -1.000000
0.000000 0.000000 -1.000000
0.000000 0.000000 -1.000000
0.000000 0.000000 -1.000000
-0.000000 0.000000 -1.000000
-0.000000 0.000000 -1.000000
-0.000000 0.000000 -1.000000
-0.000000 0.000000 -1.000000
-0.000000 0.000000 -1.000000
0.000000 0.000000 -1.000000
0.000000 -0.000000 -1.000000
0.000000 -0.000000 -1.000000
-0.000000 -0.000000 -1.000000
0.000000 0.000000 -1.000000
0.000000 0.000000 -1.000000
-0.000000 0.000000 -1.000000
0.000000 -0.000000 -1.000000
0.000000 -0.000000 -1.000000
84
0 0 1 2 0 0 0 1
0 0 2 3 0 0 0 1
0 0 3 4 0 0 0 1
0 0 4 5 0 0 0 1
0 0 5 6 0 0 0 1
0 0 6 7 0 0 0 1
0 8 9 10 0 0 0 1
0 8 10 11 0 0 0 1
0 8 11 12 0 0 0 1
0 8 12 13 0 0 0 1
0 8 13 14 0 0 0 1
0 8 14 15 0 0 0 1
0 8 15 16 0 0 0 1
0 8 16 17 0 0 0 1
0 8 17 18 0 0 0 1
0 8 18 19 0 0 0 1
0 8 19 20 0 0 0 1
0 8 20 21 0 0 0 1
0 8 21 22 0 0 0 1
0 23 8 22 0 0 0 1
0 23 22 24 0 0 0 1
0 23 24 25 0 0 0 1
0 23 25 26 0 0 0 1
0 23 26 27 0 0 0 1
0 23 27 28 0 0 0 1
0 23 28 29 0 0 0 1
0 23 30 31 0 0 0 1
0 32 23 31 0 0 0 1
0 33 32 31 0 0 0 1
0 34 33 31 0 0 0 1
0 35 34 31 0 0 0 1
0 36 35 31 0 0 0 1
0 37 36 31 0 0 0 1
0 38 37 31 0 0 0 1
0 39 38 31 0 0 0 1
0 39 31 0 0 0 0 1
0 39 0 7 0 0 0 1
0 40 39 7 0 0 0 1
0 41 40 7 0 0 0 1
0 42 41 7 0 0 0 1
0 43 42 7 0 0 0 1
0 43 7 44 0 0 0 1
0 45 46 47 1 2 3 1
0 47 46 48 3 2 4 1
0 48 46 49 4 2 5 1
0 49 46 50 5 2 6 1
0 50 46 51 6 2 7 1
0 51 46 52 7 2 8 1
0 53 54 55 9 10 11 1
0 55 54 56 11 10 12 1
0 56 54 57 12 10 13 1
0 57 54 58 13 10 14 1
0 58 54 59 14 10 15 1
0 59 54 60 15 10 16 1
0 60 54 61 16 10 17 1
0 61 54 62 17 10 18 1
0 62 54 63 18 10 19 1
0 63 54 64 19 10 20 1
0 64 54 65 20 10 21 1
0 65 54 66 21 10 22 1
0 66 54 67 22 10 23 1
0 54 68 67 10 24 23 1
0 67 68 69 23 24 9 1
0 69 68 70 9 24 9 1
0 70 68 71 9 24 9 1
0 71 68 72 9 24 9 1
0 72 68 73 9 24 9 1
0 73 68 74 9 24 9 1
0 75 68 76 9 24 25 1
0 68 77 76 24 9 25 1
0 77 78 76 9 9 25 1
0 78 79 76 9 9 25 1
0 79 80 76 9 9 25 1
0 80 81 76 9 9 25 1
0 81 82 76 9 9 25 1
0 82 83 76 9 26 25 1
0 83 84 76 26 27 25 1
0 76 84 46 25 27 2 1
0 46 84 52 2 27 8 1
0 84 85 52 27 28 8 1
0 85 86 52 28 29 8 1
0 86 87 52 29 9 8 1
0 87 88 52 9 9 8 1
0 52 88 89 8 9 9 1

Materials: 2
"blackshine"
0.000000 0.000000 0.000000 1.000000
0.000000 0.000000 0.000000 1.000000
0.898039 0.898039 0.898039 1.000000
0.000000 0.000000 0.000000 1.000000
0.180000
1.000000
".\black sphere.png"
".\plastic sphere add.png"
"1 - Default"
0.580392 0.580392 0.580392 1.000000
0.580392 0.580392 0.580392 1.000000
0.898039 0.898039 0.898039 1.000000
0.000000 0.000000 0.000000 1.000000
0.100000
1.000000
".\black sphere.png"
".\silver sphere add.png"

Bones: 0
