// MilkShape 3D ASCII

Frames: 30
Frame: 1

Meshes: 2
"A-inner02" 0 1
24
1 -0.109423 -4.917372 1.760949 0.731250 0.486621 -1
1 19.564064 -4.917372 1.760949 0.737243 0.490883 -1
1 17.351067 -2.704378 5.069363 0.742709 0.472759 -1
1 -0.109431 -2.704378 5.069363 0.739653 0.461449 -1
1 19.564064 4.919371 1.760949 0.762757 0.490883 -1
1 17.351067 2.706378 5.069363 0.757291 0.472759 -1
1 -0.109423 4.919371 1.760949 0.768749 0.486621 -1
1 -0.109431 2.706378 5.069363 0.760347 0.461449 -1
1 -19.782906 4.919371 1.760949 0.785187 0.475074 -1
1 -19.782906 -4.917372 1.760949 0.714813 0.475074 -1
1 -17.569920 -2.704378 5.069363 0.732205 0.434408 -1
1 -17.569920 2.706378 5.069363 0.767795 0.434408 -1
1 19.564064 -4.917372 -1.758903 0.737243 0.509117 -1
1 -0.109423 -4.917372 -1.758903 0.731250 0.513379 -1
1 17.351067 -2.704378 -5.067367 0.742709 0.527241 -1
1 -0.109431 -2.704378 -5.067367 0.739653 0.538551 -1
1 19.564064 4.919369 -1.758903 0.762757 0.509117 -1
1 17.351067 2.706378 -5.067367 0.757291 0.527241 -1
1 -0.109423 4.919370 -1.758903 0.768749 0.513379 -1
1 -0.109431 2.706378 -5.067367 0.760347 0.538551 -1
1 -19.782906 -4.917372 -1.758903 0.714813 0.524926 -1
1 -19.782906 4.919370 -1.758903 0.785187 0.524926 -1
1 -17.569920 -2.704378 -5.067367 0.732205 0.565592 -1
1 -17.569920 2.706378 -5.067367 0.767795 0.565592 -1
24
0.000000 -0.956868 0.290523
0.629527 -0.669442 0.394391
0.332837 -0.665675 0.667904
0.000000 -0.831193 0.555984
0.669442 0.629527 0.394391
0.665675 0.332838 0.667904
0.000000 0.956868 0.290523
0.000000 0.831193 0.555984
-0.629527 0.669442 0.394390
-0.669442 -0.629527 0.394390
-0.665676 -0.332838 0.667903
-0.332838 0.665675 0.667903
0.828341 -0.414171 -0.377245
0.000000 -0.956869 -0.290519
0.332840 -0.665680 -0.667899
0.000000 -0.831197 -0.555978
0.414170 0.828341 -0.377245
0.665679 0.332840 -0.667899
0.000000 0.956869 -0.290519
0.000000 0.831197 -0.555978
-0.414171 -0.828341 -0.377244
-0.828341 0.414171 -0.377244
-0.665681 -0.332840 -0.667897
-0.332840 0.665680 -0.667898
36
1 0 1 2 0 1 2 1
1 2 3 0 2 3 0 1
1 1 4 5 1 4 5 1
1 5 2 1 5 2 1 1
1 4 6 7 4 6 7 1
1 7 5 4 7 5 4 1
1 8 9 10 8 9 10 1
1 10 11 8 10 11 8 1
1 9 0 3 9 0 3 1
1 3 10 9 3 10 9 1
1 6 8 11 6 8 11 1
1 11 7 6 11 7 6 1
1 12 13 14 12 13 14 1
1 15 14 13 15 14 13 1
1 16 12 17 16 12 17 1
1 14 17 12 14 17 12 1
1 18 16 19 18 16 19 1
1 17 19 16 17 19 16 1
1 20 21 22 20 21 22 1
1 23 22 21 23 22 21 1
1 13 20 15 13 20 15 1
1 22 15 20 22 15 20 1
1 21 18 23 21 18 23 1
1 19 23 18 19 23 18 1
1 13 12 1 13 12 1 1
1 1 0 13 1 0 13 1
1 12 16 4 12 16 4 1
1 4 1 12 4 1 12 1
1 16 18 6 16 18 6 1
1 6 4 16 6 4 16 1
1 21 20 9 21 20 9 1
1 9 8 21 9 8 21 1
1 20 13 0 20 13 0 1
1 0 9 20 0 9 20 1
1 18 21 8 18 21 8 1
1 8 6 18 8 6 18 1
"Object02" 0 0
12
1 -0.109431 -2.704378 5.069363 0.739533 0.461004 -1
1 17.351067 -2.704378 5.069363 0.742649 0.472537 -1
1 17.351067 2.706378 5.069363 0.757350 0.472537 -1
1 -0.109431 2.706378 5.069363 0.760467 0.461004 -1
1 -17.569920 2.706378 5.069363 0.768154 0.433128 -1
1 -17.569920 -2.704378 5.069363 0.731846 0.433128 -1
1 17.351067 -2.704378 -5.067367 0.742649 0.527463 -1
1 -0.109431 -2.704378 -5.067367 0.739533 0.538996 -1
1 17.351067 2.706378 -5.067367 0.757350 0.527463 -1
1 -0.109431 2.706378 -5.067367 0.760467 0.538996 -1
1 -17.569920 -2.704378 -5.067367 0.731846 0.566872 -1
1 -17.569920 2.706378 -5.067367 0.768154 0.566872 -1
2
0.000000 0.000000 1.000000
0.000000 0.000000 -1.000000
8
1 0 1 2 0 0 0 1
1 0 2 3 0 0 0 1
1 4 5 0 0 0 0 1
1 3 4 0 0 0 0 1
1 6 7 8 1 1 1 1
1 8 7 9 1 1 1 1
1 10 11 7 1 1 1 1
1 11 9 7 1 1 1 1

Materials: 2
"1 - Default"
1.000000 1.000000 1.000000 1.000000
1.000000 1.000000 1.000000 1.000000
1.000000 1.000000 1.000000 1.000000
0.000000 0.000000 0.000000 1.000000
13.000000
1.000000
"silver sphere.png"
"redreflect sphere add.png"
"blackshine"
0.000000 0.000000 0.000000 1.000000
0.000000 0.000000 0.000000 1.000000
0.898039 0.898039 0.898039 1.000000
0.000000 0.000000 0.000000 1.000000
0.180000
1.000000
"black sphere.png"
"plastic sphere add.png"

Bones: 0
GroupComments: 0
MaterialComments: 0
BoneComments: 0
ModelComment: 0
