// MilkShape 3D ASCII

Frames: 30
Frame: 1

Meshes: 2
"Text08" 1 1
48
1 4.759471 -4.950274 1.759949 0.733062 0.487907 -1
1 19.514584 -4.950274 1.759949 0.737152 0.490818 -1
1 17.301586 -2.737284 5.068363 0.742655 0.472559 -1
1 2.546474 -2.737284 5.068363 0.740188 0.463422 -1
1 19.514584 4.886465 1.759949 0.762848 0.490818 -1
1 17.301586 2.673475 5.068363 0.757345 0.472559 -1
1 4.759471 4.886465 1.759949 0.766938 0.487907 -1
1 2.546474 2.673475 5.068363 0.759812 0.463422 -1
1 -5.077275 -19.705387 1.759949 0.670778 0.486412 -1
1 4.759471 -19.705387 1.759949 0.685730 0.488816 -1
1 2.546474 -17.492397 5.068363 0.689662 0.465934 -1
1 -2.864278 -17.492397 5.068363 0.682106 0.461951 -1
1 -5.077275 -4.950274 1.759949 0.728510 0.484679 -1
1 -2.864278 -2.737284 5.068363 0.738811 0.458348 -1
1 -19.832386 4.886465 1.759949 0.785875 0.474597 -1
1 -19.832386 -4.950274 1.759949 0.714125 0.474597 -1
1 -17.619389 -2.737284 5.068363 0.731882 0.433255 -1
1 -17.619389 2.673475 5.068363 0.768118 0.433255 -1
1 -5.077275 4.886465 1.759949 0.771490 0.484679 -1
1 -2.864278 2.673475 5.068363 0.761189 0.458348 -1
1 -5.077275 19.641582 1.759949 0.829222 0.486412 -1
1 -2.864278 17.428593 5.068363 0.817894 0.461951 -1
1 4.759471 19.641582 1.759949 0.814270 0.488816 -1
1 2.546474 17.428593 5.068363 0.810338 0.465934 -1
1 19.514584 -4.950274 -1.759902 0.737152 0.509182 -1
1 4.759471 -4.950274 -1.759902 0.733062 0.512093 -1
1 17.301586 -2.737284 -5.068366 0.742655 0.527441 -1
1 2.546474 -2.737284 -5.068366 0.740188 0.536578 -1
1 19.514584 4.886465 -1.759902 0.762848 0.509182 -1
1 17.301586 2.673475 -5.068366 0.757345 0.527441 -1
1 4.759471 4.886465 -1.759902 0.766938 0.512093 -1
1 2.546474 2.673475 -5.068366 0.759812 0.536578 -1
1 4.759471 -19.705387 -1.759902 0.685730 0.511184 -1
1 -5.077268 -19.705387 -1.759902 0.670778 0.513587 -1
1 2.546474 -17.492397 -5.068366 0.689662 0.534066 -1
1 -2.864278 -17.492397 -5.068366 0.682106 0.538049 -1
1 -5.077268 -4.950274 -1.759902 0.728510 0.515321 -1
1 -2.864278 -2.737284 -5.068366 0.738811 0.541652 -1
1 -19.832386 -4.950274 -1.759902 0.714125 0.525403 -1
1 -19.832386 4.886465 -1.759902 0.785875 0.525403 -1
1 -17.619389 -2.737284 -5.068366 0.731882 0.566745 -1
1 -17.619389 2.673475 -5.068366 0.768118 0.566745 -1
1 -5.077268 4.886465 -1.759902 0.771490 0.515321 -1
1 -2.864278 2.673475 -5.068366 0.761189 0.541652 -1
1 -5.077268 19.641575 -1.759902 0.829222 0.513587 -1
1 -2.864278 17.428593 -5.068366 0.817894 0.538049 -1
1 4.759471 19.641575 -1.759902 0.814270 0.511184 -1
1 2.546474 17.428593 -5.068366 0.810338 0.534066 -1
39
0.669441 -0.629527 0.394391
0.629527 -0.669442 0.394391
0.332837 -0.665676 0.667904
0.665675 -0.332838 0.667904
0.669441 0.629527 0.394391
0.665675 0.332838 0.667904
0.629527 0.669442 0.394391
0.332837 0.665676 0.667904
-0.669442 -0.629527 0.394390
-0.665675 -0.332838 0.667904
-0.629527 -0.669442 0.394390
-0.332837 -0.665676 0.667904
-0.629527 0.669442 0.394391
-0.669441 -0.629527 0.394391
-0.332837 0.665676 0.667904
-0.669442 0.629527 0.394390
-0.665675 0.332838 0.667904
-0.629527 0.669442 0.394390
0.669442 0.629527 0.394390
0.828341 -0.414171 -0.377245
0.414170 -0.828341 -0.377245
0.332840 -0.665680 -0.667898
0.665679 -0.332840 -0.667899
0.414170 0.828341 -0.377245
0.665679 0.332840 -0.667899
0.828341 0.414171 -0.377245
0.332840 0.665680 -0.667898
-0.414171 -0.828341 -0.377245
-0.665680 -0.332840 -0.667898
-0.828341 -0.414171 -0.377245
-0.332840 -0.665680 -0.667898
-0.414170 -0.828341 -0.377245
-0.828341 0.414171 -0.377245
-0.665679 -0.332840 -0.667899
-0.332840 0.665680 -0.667898
-0.414171 0.828341 -0.377245
-0.665680 0.332840 -0.667898
-0.332840 0.665681 -0.667897
0.665679 0.332840 -0.667898
72
1 0 1 2 0 1 2 1
1 2 3 0 2 3 0 1
1 1 4 5 1 4 5 1
1 5 2 1 5 2 1 1
1 4 6 7 4 6 7 1
1 7 5 4 7 5 4 1
1 8 9 10 8 1 2 1
1 10 11 8 2 9 8 1
1 9 0 3 1 0 3 1
1 3 10 9 3 2 1 1
1 12 8 11 10 8 9 1
1 11 13 12 9 11 10 1
1 14 15 16 12 13 9 1
1 16 17 14 9 14 12 1
1 15 12 13 13 10 11 1
1 13 16 15 11 9 13 1
1 18 14 17 15 12 14 1
1 17 19 18 14 16 15 1
1 20 18 19 17 15 16 1
1 19 21 20 16 14 17 1
1 22 20 21 18 17 14 1
1 21 23 22 14 5 18 1
1 6 22 23 6 18 5 1
1 23 7 6 5 7 6 1
1 24 25 26 19 20 21 1
1 27 26 25 22 21 20 1
1 28 24 29 23 19 24 1
1 26 29 24 21 24 19 1
1 30 28 31 25 23 26 1
1 29 31 28 24 26 23 1
1 32 33 34 19 27 21 1
1 35 34 33 28 21 27 1
1 25 32 27 20 19 22 1
1 34 27 32 21 22 19 1
1 33 36 35 27 29 28 1
1 37 35 36 30 28 29 1
1 38 39 40 31 32 33 1
1 41 40 39 34 33 32 1
1 36 38 37 29 31 30 1
1 40 37 38 33 30 31 1
1 39 42 41 32 35 34 1
1 43 41 42 36 34 35 1
1 42 44 43 35 32 36 1
1 45 43 44 37 36 32 1
1 44 46 45 32 23 37 1
1 47 45 46 38 37 23 1
1 46 30 47 23 25 38 1
1 31 47 30 26 38 25 1
1 25 24 1 20 19 1 1
1 1 0 25 1 0 20 1
1 24 28 4 19 23 4 1
1 4 1 24 4 1 19 1
1 28 30 6 23 25 6 1
1 6 4 28 6 4 23 1
1 33 32 9 27 19 1 1
1 9 8 33 1 8 27 1
1 32 25 0 19 20 0 1
1 0 9 32 0 1 19 1
1 36 33 8 29 27 8 1
1 8 12 36 8 10 29 1
1 39 38 15 32 31 13 1
1 15 14 39 13 12 32 1
1 38 36 12 31 29 10 1
1 12 15 38 10 13 31 1
1 42 39 14 35 32 12 1
1 14 18 42 12 15 35 1
1 44 42 18 32 35 15 1
1 18 20 44 15 17 32 1
1 46 44 20 23 32 17 1
1 20 22 46 17 18 23 1
1 30 46 22 25 23 18 1
1 22 6 30 18 6 25 1
"Object07" 0 0
24
0 2.546474 -2.737284 5.068363 0.740188 0.463422 -1
0 17.301586 -2.737284 5.068363 0.742655 0.472559 -1
0 17.301586 2.673475 5.068363 0.757345 0.472559 -1
0 2.546474 2.673475 5.068363 0.759812 0.463422 -1
0 -2.864278 -17.492397 5.068363 0.682106 0.461951 -1
0 2.546474 -17.492397 5.068363 0.689662 0.465934 -1
0 -2.864278 -2.737284 5.068363 0.738811 0.458348 -1
0 -17.619389 2.673475 5.068363 0.768118 0.433255 -1
0 -17.619389 -2.737284 5.068363 0.731882 0.433255 -1
0 -2.864278 2.673475 5.068363 0.761189 0.458348 -1
0 -2.864278 17.428593 5.068363 0.817894 0.461951 -1
0 2.546474 17.428593 5.068363 0.810338 0.465934 -1
0 17.301586 -2.737284 -5.068366 0.742655 0.527441 -1
0 2.546474 -2.737284 -5.068366 0.740188 0.536578 -1
0 17.301586 2.673475 -5.068366 0.757345 0.527441 -1
0 2.546474 2.673475 -5.068366 0.759812 0.536578 -1
0 2.546474 -17.492397 -5.068366 0.689662 0.534066 -1
0 -2.864278 -17.492397 -5.068366 0.682106 0.538049 -1
0 -2.864278 -2.737284 -5.068366 0.738811 0.541652 -1
0 -17.619389 -2.737284 -5.068366 0.731882 0.566745 -1
0 -17.619389 2.673475 -5.068366 0.768118 0.566745 -1
0 -2.864278 2.673475 -5.068366 0.761189 0.541652 -1
0 -2.864278 17.428593 -5.068366 0.817894 0.538049 -1
0 2.546474 17.428593 -5.068366 0.810338 0.534066 -1
2
0.000000 0.000000 1.000000
0.000000 0.000000 -1.000000
20
0 0 1 2 0 0 0 1
0 0 2 3 0 0 0 1
0 4 5 0 0 0 0 1
0 6 4 0 0 0 0 1
0 6 0 3 0 0 0 1
0 7 8 6 0 0 0 1
0 9 7 6 0 0 0 1
0 9 6 3 0 0 0 1
0 10 9 3 0 0 0 1
0 11 10 3 0 0 0 1
0 12 13 14 1 1 1 1
0 14 13 15 1 1 1 1
0 16 17 13 1 1 1 1
0 17 18 13 1 1 1 1
0 13 18 15 1 1 1 1
0 19 20 18 1 1 1 1
0 20 21 18 1 1 1 1
0 18 21 15 1 1 1 1
0 21 22 15 1 1 1 1
0 22 23 15 1 1 1 1

Materials: 2
"Material01"
0.200000 0.200000 0.200000 1.000000
0.800000 0.800000 0.800000 1.000000
0.000000 0.000000 0.000000 1.000000
0.000000 0.000000 0.000000 1.000000
0.000000
1.000000
"silver sphere add.png"
"plastic sphere add.png"
"Material02"
0.200000 0.200000 0.200000 1.000000
0.800000 0.800000 0.800000 1.000000
0.000000 0.000000 0.000000 1.000000
0.000000 0.000000 0.000000 1.000000
0.000000
1.000000
"black sphere.png"
"plastic sphere add.png"

Bones: 0
GroupComments: 0
MaterialComments: 0
BoneComments: 0
ModelComment: 0
