// MilkShape 3D ASCII

Frames: 30
Frame: 1

Meshes: 2
"Splus-inner" 0 0
114
0 -46.099281 18.112679 10.005504 0.190420 0.436559 -1
0 14.268701 18.135704 10.005504 -0.106095 0.369776 -1
0 13.652917 20.058075 10.005504 -0.095115 0.375507 -1
0 12.611413 21.912453 10.005504 -0.083114 0.380054 -1
0 10.992822 23.712082 10.005504 -0.069086 0.383628 -1
0 9.102990 24.751495 10.005504 -0.056086 0.384581 -1
0 6.689354 25.127945 10.005504 -0.041404 0.383085 -1
0 -53.715553 25.127960 10.005504 0.180365 0.446801 -1
0 -0.909400 -18.110695 10.005504 0.492007 0.339529 -1
0 -61.283730 -18.108650 10.005504 0.295729 0.450568 -1
0 -60.694374 -19.981880 10.005504 0.300620 0.450565 -1
0 -59.698769 -21.822037 10.005504 0.305777 0.450308 -1
0 -58.072609 -23.670204 10.005504 0.311600 0.449645 -1
0 -56.157753 -24.738670 10.005504 0.316042 0.448559 -1
0 -53.696999 -25.125969 10.005504 0.319656 0.446787 -1
0 6.696618 -25.125969 10.005504 0.541447 0.383092 -1
0 8.377709 -24.881248 10.005504 0.551683 0.384112 -1
0 9.992394 -24.168640 10.005504 0.562388 0.383703 -1
0 11.624291 -22.955559 10.005504 0.574594 0.381965 -1
0 13.226464 -21.028763 10.005504 0.589348 0.378137 -1
0 14.148583 -18.833908 10.005504 0.602532 0.372161 -1
0 14.479821 -16.094810 10.005504 0.616590 0.362211 -1
0 14.479821 -5.538688 10.005504 0.691841 0.317576 -1
0 -0.909400 -3.541801 10.005504 0.459968 0.111576 -1
0 14.266564 -3.478370 10.005504 0.711925 0.309623 -1
0 13.653771 -1.584197 10.005504 0.731603 0.299719 -1
0 12.613183 0.265526 10.005504 0.753338 0.286573 -1
0 10.995690 2.060685 10.005504 0.779474 0.267728 -1
0 9.106774 3.097825 10.005504 0.802175 0.243731 -1
0 6.694298 3.473473 10.005504 0.826168 0.205585 -1
0 6.694298 3.473473 10.005504 -0.173832 0.205585 -1
0 -46.099220 3.473473 10.005504 0.238034 0.432163 -1
0 -53.697914 -3.541801 10.005504 0.260485 0.441493 -1
0 -56.059853 -3.157188 10.005504 0.258956 0.443874 -1
0 -57.952614 -2.086494 10.005504 0.255730 0.445621 -1
0 -59.614906 -0.225379 10.005504 0.250604 0.447076 -1
0 -60.662025 1.669953 10.005504 0.245622 0.447992 -1
0 -61.277199 3.545556 10.005504 0.240804 0.448571 -1
0 -61.488441 5.498513 10.005504 0.235808 0.448860 -1
0 -61.488441 16.081734 10.005504 0.209290 0.450303 -1
0 -61.162575 18.950630 10.005504 0.202183 0.450665 -1
0 -60.264259 21.181610 10.005504 0.196210 0.450549 -1
0 -58.721474 23.062653 10.005504 0.190441 0.449940 -1
0 -57.179970 24.206268 10.005504 0.186268 0.449151 -1
0 -55.545692 24.888321 10.005504 0.182960 0.448144 -1
0 14.268701 18.135704 -10.003501 -0.106095 0.630224 -1
0 -46.099281 18.112679 -10.003501 0.190420 0.563441 -1
0 13.652917 20.058075 -10.003503 -0.095115 0.624493 -1
0 12.611413 21.912453 -10.003502 -0.083114 0.619946 -1
0 10.992822 23.712082 -10.003502 -0.069086 0.616372 -1
0 9.102990 24.751495 -10.003502 -0.056086 0.615419 -1
0 6.689354 25.127945 -10.003502 -0.041404 0.616915 -1
0 -53.715553 25.127960 -10.003502 0.180365 0.553199 -1
0 -61.283730 -18.108650 -10.003501 0.295729 0.549431 -1
0 -0.909400 -18.110695 -10.003501 0.492007 0.660471 -1
0 -60.694374 -19.981880 -10.003501 0.300620 0.549435 -1
0 -59.698769 -21.822037 -10.003502 0.305777 0.549692 -1
0 -58.072609 -23.670204 -10.003502 0.311600 0.550355 -1
0 -56.157753 -24.738678 -10.003502 0.316042 0.551441 -1
0 -53.696999 -25.125969 -10.003502 0.319656 0.553213 -1
0 6.696618 -25.125977 -10.003502 0.541447 0.616908 -1
0 8.377709 -24.881248 -10.003502 0.551683 0.615888 -1
0 9.992394 -24.168640 -10.003502 0.562388 0.616297 -1
0 11.624291 -22.955559 -10.003502 0.574594 0.618035 -1
0 13.226464 -21.028763 -10.003502 0.589348 0.621863 -1
0 14.148583 -18.833908 -10.003501 0.602532 0.627839 -1
0 14.479821 -16.094810 -10.003501 0.616590 0.637789 -1
0 14.479821 -5.538688 -10.003502 0.691841 0.682424 -1
0 -0.909400 -3.541801 -10.003502 0.459968 0.888424 -1
0 14.266564 -3.478370 -10.003502 0.711925 0.690377 -1
0 13.653771 -1.584197 -10.003502 0.731603 0.700281 -1
0 12.613183 0.265526 -10.003502 0.753338 0.713427 -1
0 10.995690 2.060685 -10.003502 0.779474 0.732272 -1
0 9.106774 3.097825 -10.003502 0.802175 0.756269 -1
0 6.694298 3.473473 -10.003502 0.826168 0.794415 -1
0 6.694298 3.473473 -10.003502 -0.173832 0.794415 -1
0 -46.099220 3.473473 -10.003502 0.238034 0.567837 -1
0 -53.697914 -3.541801 -10.003502 0.260485 0.558507 -1
0 -56.059853 -3.157188 -10.003502 0.258956 0.556126 -1
0 -57.952614 -2.086494 -10.003502 0.255730 0.554379 -1
0 -59.614906 -0.225379 -10.003502 0.250604 0.552924 -1
0 -60.662025 1.669953 -10.003502 0.245622 0.552008 -1
0 -61.277199 3.545556 -10.003502 0.240804 0.551429 -1
0 -61.488441 5.498513 -10.003502 0.235808 0.551140 -1
0 -61.488441 16.081734 -10.003501 0.209290 0.549697 -1
0 -61.162575 18.950630 -10.003501 0.202183 0.549335 -1
0 -60.264259 21.181610 -10.003502 0.196210 0.549451 -1
0 -58.721474 23.062653 -10.003502 0.190441 0.550060 -1
0 -57.179970 24.206268 -10.003502 0.186268 0.550849 -1
0 -55.545692 24.888321 -10.003502 0.182960 0.551856 -1
0 46.166222 -2.704383 5.069363 0.740684 0.465252 -1
0 60.921349 -2.704383 5.069363 0.742937 0.473604 -1
0 60.921349 2.706376 5.069363 0.757063 0.473604 -1
0 46.166222 2.706376 5.069363 0.759316 0.465252 -1
0 40.755516 -17.459496 5.069363 0.685578 0.463770 -1
0 46.166222 -17.459496 5.069363 0.692451 0.467427 -1
0 40.755516 -2.704383 5.069363 0.739450 0.460702 -1
0 26.000389 2.706376 5.069363 0.766501 0.439038 -1
0 26.000389 -2.704383 5.069363 0.733498 0.439038 -1
0 40.755516 2.706376 5.069363 0.760550 0.460702 -1
0 40.755516 17.461494 5.069363 0.814422 0.463770 -1
0 46.166222 17.461494 5.069363 0.807549 0.467427 -1
0 60.921349 -2.704383 -5.067367 0.742937 0.526396 -1
0 46.166222 -2.704383 -5.067367 0.740684 0.534748 -1
0 60.921349 2.706376 -5.067367 0.757063 0.526396 -1
0 46.166222 2.706376 -5.067367 0.759316 0.534748 -1
0 46.166222 -17.459496 -5.067367 0.692451 0.532573 -1
0 40.755516 -17.459496 -5.067367 0.685578 0.536230 -1
0 40.755516 -2.704383 -5.067367 0.739450 0.539298 -1
0 26.000389 -2.704383 -5.067367 0.733498 0.560962 -1
0 26.000389 2.706376 -5.067367 0.766501 0.560962 -1
0 40.755516 2.706376 -5.067367 0.760550 0.539298 -1
0 40.755516 17.461494 -5.067367 0.814422 0.536230 -1
0 46.166222 17.461494 -5.067367 0.807549 0.532573 -1
30
0.000000 0.000000 1.000000
0.000000 -0.000001 -1.000000
-0.000000 -0.000000 -1.000000
-0.000000 -0.000000 -1.000000
-0.000000 0.000000 -1.000000
-0.000000 -0.000000 -1.000000
-0.000000 -0.000000 -1.000000
-0.000000 -0.000000 -1.000000
0.000000 -0.000000 -1.000000
0.000000 0.000000 -1.000000
-0.000000 0.000000 -1.000000
-0.000000 0.000000 -1.000000
-0.000000 0.000000 -1.000000
0.000000 0.000000 -1.000000
0.000000 0.000000 -1.000000
0.000000 0.000000 -1.000000
-0.000000 0.000000 -1.000000
-0.000000 0.000000 -1.000000
-0.000000 0.000000 -1.000000
-0.000000 0.000000 -1.000000
-0.000000 0.000000 -1.000000
0.000000 0.000000 -1.000000
0.000000 -0.000000 -1.000000
0.000000 -0.000000 -1.000000
-0.000000 -0.000000 -1.000000
0.000000 0.000000 -1.000000
0.000000 0.000000 -1.000000
-0.000000 0.000000 -1.000000
0.000000 -0.000000 -1.000000
0.000000 -0.000000 -1.000000
104
0 0 1 2 0 0 0 1
0 0 2 3 0 0 0 1
0 0 3 4 0 0 0 1
0 0 4 5 0 0 0 1
0 0 5 6 0 0 0 1
0 0 6 7 0 0 0 1
0 8 9 10 0 0 0 1
0 8 10 11 0 0 0 1
0 8 11 12 0 0 0 1
0 8 12 13 0 0 0 1
0 8 13 14 0 0 0 1
0 8 14 15 0 0 0 1
0 8 15 16 0 0 0 1
0 8 16 17 0 0 0 1
0 8 17 18 0 0 0 1
0 8 18 19 0 0 0 1
0 8 19 20 0 0 0 1
0 8 20 21 0 0 0 1
0 8 21 22 0 0 0 1
0 23 8 22 0 0 0 1
0 23 22 24 0 0 0 1
0 23 24 25 0 0 0 1
0 23 25 26 0 0 0 1
0 23 26 27 0 0 0 1
0 23 27 28 0 0 0 1
0 23 28 29 0 0 0 1
0 23 30 31 0 0 0 1
0 32 23 31 0 0 0 1
0 33 32 31 0 0 0 1
0 34 33 31 0 0 0 1
0 35 34 31 0 0 0 1
0 36 35 31 0 0 0 1
0 37 36 31 0 0 0 1
0 38 37 31 0 0 0 1
0 39 38 31 0 0 0 1
0 39 31 0 0 0 0 1
0 39 0 7 0 0 0 1
0 40 39 7 0 0 0 1
0 41 40 7 0 0 0 1
0 42 41 7 0 0 0 1
0 43 42 7 0 0 0 1
0 43 7 44 0 0 0 1
0 45 46 47 1 2 3 1
0 47 46 48 3 2 4 1
0 48 46 49 4 2 5 1
0 49 46 50 5 2 6 1
0 50 46 51 6 2 7 1
0 51 46 52 7 2 8 1
0 53 54 55 9 10 11 1
0 55 54 56 11 10 12 1
0 56 54 57 12 10 13 1
0 57 54 58 13 10 14 1
0 58 54 59 14 10 15 1
0 59 54 60 15 10 16 1
0 60 54 61 16 10 17 1
0 61 54 62 17 10 18 1
0 62 54 63 18 10 19 1
0 63 54 64 19 10 20 1
0 64 54 65 20 10 21 1
0 65 54 66 21 10 22 1
0 66 54 67 22 10 23 1
0 54 68 67 10 24 23 1
0 67 68 69 23 24 9 1
0 69 68 70 9 24 9 1
0 70 68 71 9 24 9 1
0 71 68 72 9 24 9 1
0 72 68 73 9 24 9 1
0 73 68 74 9 24 9 1
0 75 68 76 9 24 25 1
0 68 77 76 24 9 25 1
0 77 78 76 9 9 25 1
0 78 79 76 9 9 25 1
0 79 80 76 9 9 25 1
0 80 81 76 9 9 25 1
0 81 82 76 9 9 25 1
0 82 83 76 9 26 25 1
0 83 84 76 26 27 25 1
0 76 84 46 25 27 2 1
0 46 84 52 2 27 8 1
0 84 85 52 27 28 8 1
0 85 86 52 28 29 8 1
0 86 87 52 29 9 8 1
0 87 88 52 9 9 8 1
0 52 88 89 8 9 9 1
0 90 91 92 0 0 0 1
0 90 92 93 0 0 0 1
0 94 95 90 0 0 0 1
0 96 94 90 0 0 0 1
0 96 90 93 0 0 0 1
0 97 98 96 0 0 0 1
0 99 97 96 0 0 0 1
0 99 96 93 0 0 0 1
0 100 99 93 0 0 0 1
0 101 100 93 0 0 0 1
0 102 103 104 9 9 9 1
0 104 103 105 9 9 9 1
0 106 107 103 9 9 9 1
0 107 108 103 9 9 9 1
0 103 108 105 9 9 9 1
0 109 110 108 9 9 9 1
0 110 111 108 9 9 9 1
0 108 111 105 9 9 9 1
0 111 112 105 9 9 9 1
0 112 113 105 9 9 9 1
"Splus-outer" 0 1
240
0 -44.455360 16.206696 4.809512 0.194366 0.467764 -1
0 16.123741 16.206696 4.809512 -0.124591 0.434006 -1
0 14.268701 18.135704 10.005504 -0.106095 0.369776 -1
0 -46.099281 18.112679 10.005504 0.190420 0.436559 -1
0 16.123741 16.206696 4.809512 0.875409 0.434006 -1
0 15.875085 18.612755 4.809512 0.887608 0.438217 -1
0 14.268701 18.135704 10.005504 0.893905 0.369776 -1
0 15.129052 20.922615 4.809512 0.900361 0.441388 -1
0 13.652917 20.058075 10.005504 0.904885 0.375507 -1
0 13.885766 23.136307 4.809512 0.913972 0.443863 -1
0 12.611413 21.912453 10.005504 0.916886 0.380054 -1
0 11.938256 25.301659 4.809512 0.929837 0.445817 -1
0 10.992822 23.712082 10.005504 0.930914 0.383628 -1
0 9.576135 26.600853 4.809512 0.945008 0.446373 -1
0 9.102990 24.751495 10.005504 0.943914 0.384581 -1
0 6.799401 27.033928 4.809512 0.960788 0.445625 -1
0 6.689354 25.127945 10.005504 0.958596 0.383085 -1
0 6.799401 27.033928 4.809512 -0.039212 0.445625 -1
0 -53.808083 27.033943 4.809512 0.175905 0.474636 -1
0 -53.715553 25.127960 10.005504 0.180365 0.446801 -1
0 6.689354 25.127945 10.005504 -0.041404 0.383085 -1
0 -2.553321 -16.204720 4.809512 0.475119 0.409246 -1
0 -63.132362 -16.204720 4.809512 0.289990 0.476560 -1
0 -61.283730 -18.108650 10.005504 0.295729 0.450568 -1
0 -0.909400 -18.110695 10.005504 0.492007 0.339529 -1
0 -62.894142 -18.550346 4.809512 0.295649 0.476700 -1
0 -62.179359 -20.823967 4.809512 0.301434 0.476701 -1
0 -60.694374 -19.981880 10.005504 0.300620 0.450565 -1
0 -60.988197 -23.025566 4.809512 0.307456 0.476564 -1
0 -59.698769 -21.822037 10.005504 0.305777 0.450308 -1
0 -59.029823 -25.251335 4.809512 0.314334 0.476205 -1
0 -58.072609 -23.670204 10.005504 0.311600 0.449645 -1
0 -56.636452 -26.586800 4.809512 0.319853 0.475585 -1
0 -56.157753 -24.738670 10.005504 0.316042 0.448559 -1
0 -53.808083 -27.031952 4.809512 0.324095 0.474636 -1
0 -53.696999 -25.125969 10.005504 0.319656 0.446787 -1
0 6.799462 -27.031952 4.809512 0.539212 0.445625 -1
0 6.696618 -25.125969 10.005504 0.541447 0.383092 -1
0 8.778222 -26.743889 4.809512 0.550469 0.446144 -1
0 8.377709 -24.881248 10.005504 0.551683 0.384112 -1
0 10.736352 -25.879707 4.809512 0.562580 0.445900 -1
0 9.992394 -24.168640 10.005504 0.562388 0.383703 -1
0 12.673913 -24.439392 4.809512 0.576133 0.444959 -1
0 11.624291 -22.955559 10.005504 0.574594 0.381965 -1
0 14.590478 -22.134529 4.809512 0.592746 0.442887 -1
0 13.226464 -21.028763 10.005504 0.589348 0.378137 -1
0 15.740441 -19.397324 4.809512 0.608486 0.439469 -1
0 14.148583 -18.833908 10.005504 0.602532 0.372161 -1
0 16.123741 -16.227783 4.809512 0.624478 0.434052 -1
0 14.479821 -16.094810 10.005504 0.616590 0.362211 -1
0 16.123741 -5.424713 4.809512 0.698335 0.412312 -1
0 14.479821 -5.538688 10.005504 0.691841 0.317576 -1
0 -2.553321 -5.447784 4.809512 0.430232 0.285408 -1
0 -0.909400 -3.541801 10.005504 0.459968 0.111576 -1
0 15.875207 -3.023658 4.809512 0.720034 0.407939 -1
0 14.266564 -3.478370 10.005504 0.711925 0.309623 -1
0 15.129479 -0.718559 4.809512 0.742436 0.402145 -1
0 13.653771 -1.584197 10.005504 0.731603 0.299719 -1
0 13.886682 1.490616 4.809512 0.767009 0.394447 -1
0 12.613183 0.265526 10.005504 0.753338 0.286573 -1
0 11.940026 3.651085 4.809512 0.797222 0.382974 -1
0 10.995690 2.060685 10.005504 0.779474 0.267728 -1
0 9.579186 4.947365 4.809512 0.825869 0.366446 -1
0 9.106774 3.097825 10.005504 0.802175 0.243731 -1
0 6.804162 5.379456 4.809512 0.856470 0.338852 -1
0 6.694298 3.473473 10.005504 0.826168 0.205585 -1
0 6.804162 5.379456 4.809512 -0.143530 0.338852 -1
0 -44.455360 5.379456 4.809512 0.230838 0.465950 -1
0 -46.099220 3.473473 10.005504 0.238034 0.432163 -1
0 6.694298 3.473473 10.005504 -0.173832 0.205585 -1
0 -53.812782 -5.447784 4.809512 0.266060 0.471776 -1
0 -53.697914 -3.541801 10.005504 0.260485 0.441493 -1
0 -56.546547 -5.002632 4.809512 0.264046 0.473102 -1
0 -56.059853 -3.157188 10.005504 0.258956 0.443874 -1
0 -58.907387 -3.667167 4.809512 0.259898 0.474125 -1
0 -57.952614 -2.086494 10.005504 0.255730 0.445621 -1
0 -60.895302 -1.441398 4.809512 0.253769 0.474925 -1
0 -59.614906 -0.225379 10.005504 0.250604 0.447076 -1
0 -62.138100 0.808053 4.809512 0.247933 0.475419 -1
0 -60.662025 1.669953 10.005504 0.245622 0.447992 -1
0 -62.883827 3.081673 4.809512 0.242209 0.475737 -1
0 -61.277199 3.545556 10.005504 0.240804 0.448571 -1
0 -63.132362 5.379456 4.809512 0.236474 0.475890 -1
0 -61.488441 5.498513 10.005504 0.235808 0.448860 -1
0 -63.132362 16.206696 4.809512 0.210010 0.476560 -1
0 -61.488441 16.081734 10.005504 0.209290 0.450303 -1
0 -62.759377 19.490730 4.809512 0.202078 0.476751 -1
0 -61.162575 18.950630 10.005504 0.202183 0.450665 -1
0 -61.640358 22.269676 4.809512 0.194825 0.476688 -1
0 -60.264259 21.181610 10.005504 0.196210 0.450549 -1
0 -59.775368 24.543541 4.809512 0.187995 0.476357 -1
0 -58.721474 23.062653 10.005504 0.190441 0.449940 -1
0 -57.910500 25.927094 4.809512 0.183007 0.475923 -1
0 -57.179970 24.206268 10.005504 0.186268 0.449151 -1
0 -55.921425 26.757225 4.809512 0.178975 0.475360 -1
0 -55.545692 24.888321 10.005504 0.182960 0.448144 -1
0 16.123741 16.206696 -4.820854 -0.124591 0.566172 -1
0 -44.455360 16.206696 -4.820854 0.194366 0.532325 -1
0 14.268701 18.135704 -10.003501 -0.106095 0.630224 -1
0 -46.099281 18.112679 -10.003501 0.190420 0.563441 -1
0 15.875085 18.612755 -4.820854 0.887608 0.561950 -1
0 16.123741 16.206696 -4.820854 0.875409 0.566172 -1
0 14.268701 18.135704 -10.003501 0.893905 0.630224 -1
0 15.129052 20.922615 -4.820854 0.900361 0.558771 -1
0 13.652917 20.058075 -10.003503 0.904885 0.624493 -1
0 13.885766 23.136307 -4.820852 0.913972 0.556290 -1
0 12.611413 21.912453 -10.003502 0.916886 0.619946 -1
0 11.938195 25.301659 -4.820852 0.929837 0.554330 -1
0 10.992822 23.712082 -10.003502 0.930914 0.616372 -1
0 9.576135 26.600853 -4.820852 0.945008 0.553773 -1
0 9.102990 24.751495 -10.003502 0.943914 0.615419 -1
0 6.799401 27.033928 -4.820854 0.960788 0.554523 -1
0 6.689354 25.127945 -10.003502 0.958596 0.616915 -1
0 -53.808083 27.033943 -4.820854 0.175905 0.525434 -1
0 6.799401 27.033928 -4.820854 -0.039212 0.554523 -1
0 -53.715553 25.127960 -10.003502 0.180365 0.553199 -1
0 6.689354 25.127945 -10.003502 -0.041404 0.616915 -1
0 -63.132362 -16.204720 -4.820854 0.289990 0.523505 -1
0 -2.553321 -16.204720 -4.820854 0.475119 0.590993 -1
0 -61.283730 -18.108650 -10.003501 0.295729 0.549431 -1
0 -0.909400 -18.110695 -10.003501 0.492007 0.660471 -1
0 -62.894142 -18.550346 -4.820854 0.295649 0.523364 -1
0 -62.179359 -20.823967 -4.820852 0.301434 0.523364 -1
0 -60.694374 -19.981880 -10.003501 0.300620 0.549435 -1
0 -60.988197 -23.025566 -4.820854 0.307456 0.523501 -1
0 -59.698769 -21.822037 -10.003502 0.305777 0.549692 -1
0 -59.029823 -25.251335 -4.820854 0.314334 0.523860 -1
0 -58.072609 -23.670204 -10.003502 0.311600 0.550355 -1
0 -56.636452 -26.586800 -4.820854 0.319853 0.524483 -1
0 -56.157753 -24.738678 -10.003502 0.316042 0.551441 -1
0 -53.808083 -27.031952 -4.820854 0.324095 0.525434 -1
0 -53.696999 -25.125969 -10.003502 0.319656 0.553213 -1
0 6.799462 -27.031960 -4.820854 0.539212 0.554523 -1
0 6.696618 -25.125977 -10.003502 0.541447 0.616908 -1
0 8.778222 -26.743896 -4.820854 0.550469 0.554003 -1
0 8.377709 -24.881248 -10.003502 0.551683 0.615888 -1
0 10.736352 -25.879707 -4.820854 0.562580 0.554247 -1
0 9.992394 -24.168640 -10.003502 0.562388 0.616297 -1
0 12.673913 -24.439400 -4.820854 0.576133 0.555191 -1
0 11.624291 -22.955559 -10.003502 0.574594 0.618035 -1
0 14.590478 -22.134529 -4.820852 0.592746 0.557269 -1
0 13.226464 -21.028763 -10.003502 0.589348 0.621863 -1
0 15.740441 -19.397324 -4.820852 0.608486 0.560695 -1
0 14.148583 -18.833908 -10.003501 0.602532 0.627839 -1
0 16.123741 -16.227783 -4.820854 0.624478 0.566126 -1
0 14.479821 -16.094810 -10.003501 0.616590 0.637789 -1
0 16.123741 -5.424713 -4.820852 0.698335 0.587919 -1
0 14.479821 -5.538688 -10.003502 0.691841 0.682424 -1
0 -2.553321 -5.447784 -4.820852 0.430232 0.715022 -1
0 -0.909400 -3.541801 -10.003502 0.459968 0.888424 -1
0 15.875207 -3.023658 -4.820854 0.720034 0.592302 -1
0 14.266564 -3.478370 -10.003502 0.711925 0.690377 -1
0 15.129479 -0.718559 -4.820854 0.742436 0.598110 -1
0 13.653771 -1.584197 -10.003502 0.731603 0.700281 -1
0 13.886682 1.490624 -4.820854 0.767009 0.605824 -1
0 12.613183 0.265526 -10.003502 0.753338 0.713427 -1
0 11.940026 3.651085 -4.820854 0.797222 0.617322 -1
0 10.995690 2.060685 -10.003502 0.779474 0.732272 -1
0 9.579186 4.947365 -4.820854 0.825869 0.633883 -1
0 9.106774 3.097825 -10.003502 0.802175 0.756269 -1
0 6.804162 5.379464 -4.820854 0.856470 0.661523 -1
0 6.694298 3.473473 -10.003502 0.826168 0.794415 -1
0 -44.455360 5.379464 -4.820854 0.230838 0.534143 -1
0 6.804162 5.379464 -4.820854 -0.143530 0.661523 -1
0 -46.099220 3.473473 -10.003502 0.238034 0.567837 -1
0 6.694298 3.473473 -10.003502 -0.173832 0.794415 -1
0 -53.812782 -5.447784 -4.820852 0.266060 0.528301 -1
0 -53.697914 -3.541801 -10.003502 0.260485 0.558507 -1
0 -56.546547 -5.002632 -4.820852 0.264046 0.526972 -1
0 -56.059853 -3.157188 -10.003502 0.258956 0.556126 -1
0 -58.907387 -3.667167 -4.820854 0.259898 0.525947 -1
0 -57.952614 -2.086494 -10.003502 0.255730 0.554379 -1
0 -60.895302 -1.441398 -4.820854 0.253769 0.525145 -1
0 -59.614906 -0.225379 -10.003502 0.250604 0.552924 -1
0 -62.138100 0.808053 -4.820854 0.247933 0.524649 -1
0 -60.662025 1.669953 -10.003502 0.245622 0.552008 -1
0 -62.883827 3.081673 -4.820854 0.242209 0.524330 -1
0 -61.277199 3.545556 -10.003502 0.240804 0.551429 -1
0 -63.132362 5.379456 -4.820854 0.236474 0.524177 -1
0 -61.488441 5.498513 -10.003502 0.235808 0.551140 -1
0 -63.132362 16.206696 -4.820854 0.210010 0.523505 -1
0 -61.488441 16.081734 -10.003501 0.209290 0.549697 -1
0 -62.759377 19.490730 -4.820854 0.202078 0.523314 -1
0 -61.162575 18.950630 -10.003501 0.202183 0.549335 -1
0 -61.640358 22.269676 -4.820854 0.194825 0.523376 -1
0 -60.264259 21.181610 -10.003502 0.196210 0.549451 -1
0 -59.775368 24.543541 -4.820852 0.187995 0.523708 -1
0 -58.721474 23.062653 -10.003502 0.190441 0.550060 -1
0 -57.910500 25.927094 -4.820852 0.183007 0.524143 -1
0 -57.179970 24.206268 -10.003502 0.186268 0.550849 -1
0 -55.921425 26.757225 -4.820854 0.178975 0.524708 -1
0 -55.545692 24.888321 -10.003502 0.182960 0.551856 -1
0 48.379234 -4.917373 1.760949 0.733875 0.488485 -1
0 63.134361 -4.917373 1.760949 0.737626 0.491156 -1
0 60.921349 -2.704383 5.069363 0.742937 0.473604 -1
0 46.166222 -2.704383 5.069363 0.740684 0.465252 -1
0 63.134361 4.919373 1.760949 0.762374 0.491156 -1
0 60.921349 2.706376 5.069363 0.757063 0.473604 -1
0 48.379234 4.919373 1.760949 0.766125 0.488485 -1
0 46.166222 2.706376 5.069363 0.759316 0.465252 -1
0 38.542503 -19.672485 1.760949 0.674883 0.487061 -1
0 48.379234 -19.672485 1.760949 0.688529 0.489277 -1
0 46.166222 -17.459496 5.069363 0.692451 0.467427 -1
0 40.755516 -17.459496 5.069363 0.685578 0.463770 -1
0 38.542503 -4.917373 1.760949 0.729799 0.485592 -1
0 40.755516 -2.704383 5.069363 0.739450 0.460702 -1
0 23.787376 4.919373 1.760949 0.782452 0.476976 -1
0 23.787376 -4.917373 1.760949 0.717548 0.476976 -1
0 26.000389 -2.704383 5.069363 0.733498 0.439038 -1
0 26.000389 2.706376 5.069363 0.766501 0.439038 -1
0 38.542503 4.919373 1.760949 0.770201 0.485592 -1
0 40.755516 2.706376 5.069363 0.760550 0.460702 -1
0 38.542503 19.674484 1.760949 0.825117 0.487061 -1
0 40.755516 17.461494 5.069363 0.814422 0.463770 -1
0 48.379234 19.674484 1.760949 0.811471 0.489277 -1
0 46.166222 17.461494 5.069363 0.807549 0.467427 -1
0 63.134361 -4.917373 -1.758903 0.737626 0.508844 -1
0 48.379234 -4.917373 -1.758903 0.733875 0.511515 -1
0 60.921349 -2.704383 -5.067367 0.742937 0.526396 -1
0 46.166222 -2.704383 -5.067367 0.740684 0.534748 -1
0 63.134361 4.919365 -1.758903 0.762374 0.508844 -1
0 60.921349 2.706376 -5.067367 0.757063 0.526396 -1
0 48.379234 4.919365 -1.758903 0.766125 0.511515 -1
0 46.166222 2.706376 -5.067367 0.759316 0.534748 -1
0 48.379234 -19.672485 -1.758903 0.688529 0.510722 -1
0 38.542503 -19.672485 -1.758903 0.674883 0.512939 -1
0 46.166222 -17.459496 -5.067367 0.692451 0.532573 -1
0 40.755516 -17.459496 -5.067367 0.685578 0.536230 -1
0 38.542503 -4.917373 -1.758903 0.729799 0.514408 -1
0 40.755516 -2.704383 -5.067367 0.739450 0.539298 -1
0 23.787376 -4.917373 -1.758903 0.717548 0.523023 -1
0 23.787376 4.919365 -1.758903 0.782452 0.523023 -1
0 26.000389 -2.704383 -5.067367 0.733498 0.560962 -1
0 26.000389 2.706376 -5.067367 0.766501 0.560962 -1
0 38.542503 4.919365 -1.758903 0.770201 0.514408 -1
0 40.755516 2.706376 -5.067367 0.760550 0.539298 -1
0 38.542503 19.674484 -1.758903 0.825117 0.512939 -1
0 40.755516 17.461494 -5.067367 0.814422 0.536230 -1
0 48.379234 19.674484 -1.758903 0.811471 0.510722 -1
0 46.166222 17.461494 -5.067367 0.807549 0.532573 -1
300
0.000179 -0.938139 0.346260
0.000000 -0.937480 0.348039
0.000358 -0.938794 0.344480
0.948212 0.097994 0.302145
0.924214 0.227972 0.306361
0.857522 0.409259 0.311710
0.883736 0.350776 0.309784
0.906385 0.290338 0.306873
0.749023 0.579971 0.320309
0.790628 0.523695 0.317256
0.543407 0.769978 0.334430
0.627651 0.705130 0.329919
0.250815 0.904552 0.344787
0.355160 0.870002 0.341991
0.144728 0.927951 0.343454
0.144729 0.927951 0.343455
0.000000 0.938830 0.344380
-0.081416 0.935244 0.344514
-0.040708 0.937818 0.344733
0.000000 0.938830 0.344380
0.000016 0.938892 0.344211
0.000000 0.938950 0.344053
0.000032 0.938834 0.344370
-0.948390 -0.096318 0.302126
-0.925480 -0.223465 0.305860
-0.932685 -0.191932 0.305386
-0.862990 -0.398040 0.311146
-0.887282 -0.342383 0.309037
-0.756349 -0.570632 0.319869
-0.798109 -0.512521 0.316771
-0.549355 -0.765827 0.334243
-0.634272 -0.699310 0.329644
-0.253476 -0.903798 0.344818
-0.359131 -0.868384 0.341956
-0.048789 -0.937375 0.344889
-0.097578 -0.933674 0.344575
0.090376 -0.934409 0.344546
0.045187 -0.937582 0.344816
0.300596 -0.890213 0.342291
0.218432 -0.913143 0.344178
0.504587 -0.795984 0.334367
0.443236 -0.830647 0.336998
0.677151 -0.660045 0.325280
0.621740 -0.710947 0.328623
0.834751 -0.451478 0.315212
0.784814 -0.531274 0.319084
0.930385 -0.200652 0.306793
0.907081 -0.285974 0.308905
0.952443 -0.038202 0.302314
0.950069 -0.076404 0.302540
0.950959 0.065501 0.302303
0.952702 0.032750 0.302136
-0.953420 0.000000 0.301645
0.924019 0.229088 0.306118
0.938218 0.163836 0.304804
0.857256 0.409794 0.311739
0.883341 0.352003 0.309519
0.748528 0.580589 0.320347
0.790216 0.524294 0.317292
0.542800 0.770394 0.334455
0.627050 0.705650 0.329949
0.250448 0.904654 0.344786
0.354666 0.870201 0.341997
0.144494 0.927986 0.343457
0.144496 0.927986 0.343458
0.000000 0.938830 0.344380
0.000000 0.938830 0.344380
-0.050444 -0.937274 0.344924
0.000000 -0.938830 0.344380
-0.100889 -0.933317 0.344588
-0.258445 -0.902427 0.344720
-0.364073 -0.866381 0.341812
-0.550529 -0.765125 0.333919
-0.632139 -0.701307 0.329498
-0.751740 -0.576523 0.320170
-0.793714 -0.519115 0.317077
-0.858890 -0.406591 0.311436
-0.883335 -0.352164 0.309354
-0.923016 -0.232987 0.306201
-0.937466 -0.167975 0.304865
-0.950734 -0.068420 0.302364
-0.952636 -0.034210 0.302181
-0.952557 0.035904 0.302236
-0.950460 0.071811 0.302438
0.953422 0.000002 0.301641
0.953420 0.000000 0.301645
0.953423 0.000004 0.301637
-0.932409 0.191571 0.306454
-0.910700 0.274769 0.308428
-0.840293 0.441266 0.314948
-0.789862 0.523862 0.318884
-0.679941 0.657202 0.325218
-0.622876 0.709930 0.328673
-0.498651 0.799499 0.334887
-0.431587 0.836473 0.337705
-0.284202 0.895452 0.342629
-0.203484 0.916517 0.344369
0.000000 -0.937187 -0.348826
0.000179 -0.937849 -0.347044
0.000358 -0.938507 -0.345261
0.923991 0.227916 -0.307076
0.947989 0.097971 -0.302851
0.857307 0.409156 -0.312435
0.883518 0.350689 -0.310504
0.906165 0.290267 -0.307588
0.748823 0.579822 -0.321047
0.790423 0.523558 -0.317990
0.543251 0.769757 -0.335190
0.627473 0.704935 -0.330672
0.250743 0.904273 -0.345569
0.355057 0.869739 -0.342766
0.144685 0.927669 -0.344234
0.144686 0.927669 -0.344234
-0.081391 0.934958 -0.345296
0.000000 0.938543 -0.345161
-0.040696 0.937530 -0.345515
0.000000 0.938543 -0.345161
0.000000 0.938664 -0.344834
0.000016 0.938606 -0.344992
0.000032 0.938547 -0.345151
-0.925257 -0.223411 -0.306573
-0.948167 -0.096295 -0.302832
-0.932461 -0.191886 -0.306099
-0.862775 -0.397940 -0.311869
-0.887064 -0.342298 -0.309756
-0.756150 -0.570481 -0.320608
-0.797904 -0.512387 -0.317504
-0.549199 -0.765605 -0.335006
-0.634096 -0.699112 -0.330400
-0.253399 -0.903521 -0.345599
-0.359024 -0.868122 -0.342733
-0.048774 -0.937087 -0.345671
-0.097548 -0.933388 -0.345356
0.090350 -0.934123 -0.345328
0.045175 -0.937295 -0.345598
0.300506 -0.889944 -0.343069
0.218367 -0.912863 -0.344959
0.504442 -0.795754 -0.335132
0.443108 -0.830403 -0.337768
0.676967 -0.659864 -0.326029
0.621567 -0.710749 -0.329378
0.834538 -0.451360 -0.315942
0.784609 -0.531133 -0.319822
0.930160 -0.200603 -0.307508
0.906858 -0.285904 -0.309625
0.952218 -0.038193 -0.303021
0.949845 -0.076386 -0.303247
0.950735 0.065486 -0.303010
0.952478 0.032742 -0.302843
-0.953197 0.000000 -0.302351
-0.953197 0.000000 -0.302351
-0.953197 -0.000000 -0.302351
0.923796 0.229032 -0.306832
0.937993 0.163796 -0.305515
0.857042 0.409691 -0.312464
0.883123 0.351916 -0.310239
0.748330 0.580435 -0.321088
0.790012 0.524157 -0.318027
0.542645 0.770172 -0.335220
0.626874 0.705451 -0.330706
0.250373 0.904376 -0.345568
0.354560 0.869938 -0.342774
0.144452 0.927703 -0.344238
0.144453 0.927703 -0.344238
0.000000 0.938543 -0.345162
0.000000 -0.938544 -0.345161
-0.050429 -0.936987 -0.345706
-0.100858 -0.933031 -0.345370
-0.258367 -0.902151 -0.345501
-0.363964 -0.866119 -0.342589
-0.550372 -0.764904 -0.334682
-0.631963 -0.701110 -0.330254
-0.751542 -0.576370 -0.320910
-0.793509 -0.518980 -0.317811
-0.858675 -0.406489 -0.312159
-0.883117 -0.352077 -0.310074
-0.922793 -0.232931 -0.306915
-0.937241 -0.167934 -0.305577
-0.950510 -0.068404 -0.303071
-0.952412 -0.034202 -0.302888
-0.952333 0.035895 -0.302943
-0.950236 0.071794 -0.303145
0.953197 0.000000 -0.302351
0.953198 0.000002 -0.302347
0.953199 0.000004 -0.302342
-0.932183 0.191524 -0.307168
-0.910477 0.274701 -0.309147
-0.840079 0.441152 -0.315678
-0.789656 0.523723 -0.319621
-0.679756 0.657022 -0.325967
-0.622703 0.709732 -0.329427
-0.498508 0.799267 -0.335652
-0.431461 0.836227 -0.338475
-0.284117 0.895181 -0.343407
-0.203422 0.916237 -0.345150
0.000000 -1.000000 0.000000
0.994702 0.102798 0.000000
0.970691 0.240332 0.000000
0.985129 0.171817 0.000000
0.902444 0.430807 0.000000
0.929129 0.369756 0.000000
0.790582 0.612356 -0.000002
0.833612 0.552351 0.000000
0.576306 0.817234 -0.000003
0.664601 0.747199 -0.000003
0.266964 0.963707 0.000000
0.377725 0.925918 -0.000001
0.154103 0.988055 0.000000
0.000000 1.000000 0.000000
-0.086717 0.996233 0.000000
-0.043358 0.999060 0.000000
0.000000 1.000000 0.000000
-0.994882 -0.101040 0.000000
-0.972069 -0.234697 0.000000
-0.985770 -0.168101 0.000000
-0.908027 -0.418912 0.000000
-0.932944 -0.360022 0.000000
-0.798192 -0.602403 0.000000
-0.841355 -0.540483 0.000000
-0.582567 -0.812783 0.000000
-0.671542 -0.740967 0.000000
-0.269790 -0.962919 0.000000
-0.381932 -0.924191 0.000000
-0.051965 -0.998649 0.000000
-0.103931 -0.994585 0.000000
0.096263 -0.995356 0.000001
0.048131 -0.998841 0.000001
0.319798 -0.947486 0.000001
0.232520 -0.972592 0.000001
0.535281 -0.844674 0.000000
0.470646 -0.882322 0.000000
0.715958 -0.698143 0.000000
0.658156 -0.752881 0.000000
0.879466 -0.475961 0.000000
0.827953 -0.560797 0.000000
0.977497 -0.210948 0.000000
0.953686 -0.300805 0.000000
0.999196 -0.040084 0.000000
0.996781 -0.080167 0.000000
0.997636 0.068721 0.000000
0.999409 0.034361 0.000000
-1.000000 0.000000 0.000000
0.970600 0.240699 0.000000
0.985083 0.172082 0.000000
0.902172 0.431376 0.000000
0.928923 0.370274 0.000000
0.790072 0.613014 0.000000
0.833186 0.552993 0.000000
0.575669 0.817683 0.000000
0.663974 0.747756 0.000000
0.266570 0.963816 0.000000
0.377198 0.926133 0.000000
0.153856 0.988093 0.000001
0.153854 0.988094 0.000000
0.000000 1.000000 0.000001
-0.053728 -0.998556 0.000000
-0.107456 -0.994210 0.000000
-0.275068 -0.961425 0.000000
-0.387165 -0.922011 0.000000
-0.583765 -0.811923 0.000000
-0.669270 -0.743020 0.000000
-0.793415 -0.608681 0.000000
-0.836810 -0.547493 0.000000
-0.903800 -0.427955 0.000000
-0.928865 -0.370418 0.000000
-0.969572 -0.244805 0.000000
-0.984313 -0.176433 0.000000
-0.997420 -0.071783 0.000000
-0.999356 -0.035892 0.000000
-0.999290 0.037670 0.000000
-0.997158 0.075340 0.000000
1.000000 0.000000 0.000000
-0.979516 0.201368 0.000000
-0.957339 0.288968 0.000000
-0.885218 0.465177 0.000000
-0.833211 0.552955 0.000000
-0.718884 0.695130 0.000000
-0.659364 0.751824 0.000000
-0.529067 0.848580 0.000000
-0.458377 0.888758 0.000000
-0.302401 0.953181 0.000000
-0.216626 0.976255 0.000000
0.000000 -0.831194 0.555983
0.831191 0.000000 0.555987
0.000000 0.831193 0.555984
0.000000 -0.831194 0.555983
0.831191 0.000000 0.555987
-0.831191 0.000000 0.555987
-0.831191 0.000000 0.555987
0.000000 0.831194 0.555983
0.000000 0.831194 0.555983
0.000000 -0.831197 -0.555977
0.831195 0.000000 -0.555981
0.831195 0.000000 -0.555981
0.000000 0.831197 -0.555977
0.000000 -0.831197 -0.555977
-0.831195 0.000000 -0.555981
-0.831195 0.000000 -0.555981
0.000000 0.831197 -0.555977
0.000000 1.000000 -0.000002
344
0 0 1 2 0 1 0 2
0 2 3 0 0 2 0 2
0 4 5 6 3 4 3 3
0 5 7 8 4 5 6 3
0 8 6 5 6 7 4 3
0 7 9 10 5 8 9 3
0 10 8 7 9 6 5 3
0 9 11 12 8 10 11 3
0 12 10 9 11 9 8 3
0 11 13 14 10 12 13 3
0 14 12 11 13 11 10 3
0 13 15 16 12 14 15 3
0 16 14 13 15 13 12 3
0 17 18 19 16 17 18 3
0 19 20 17 18 19 19 3
0 21 22 23 20 21 20 2
0 23 24 21 20 22 20 2
0 22 25 23 23 24 25 3
0 25 26 27 24 26 27 3
0 27 23 25 27 25 24 3
0 26 28 29 26 28 29 3
0 29 27 26 29 27 26 3
0 28 30 31 28 30 31 3
0 31 29 28 31 29 28 3
0 30 32 33 30 32 33 3
0 33 31 30 33 31 30 3
0 32 34 35 32 34 35 3
0 35 33 32 35 33 32 3
0 34 36 37 34 36 37 3
0 37 35 34 37 35 34 3
0 36 38 39 36 38 39 3
0 39 37 36 39 37 36 3
0 38 40 41 38 40 41 3
0 41 39 38 41 39 38 3
0 40 42 43 40 42 43 3
0 43 41 40 43 41 40 3
0 42 44 45 42 44 45 3
0 45 43 42 45 43 42 3
0 44 46 47 44 46 47 3
0 47 45 44 47 45 44 3
0 46 48 49 46 48 49 3
0 49 47 46 49 47 46 3
0 48 50 51 48 50 51 3
0 51 49 48 51 49 48 3
0 52 21 24 52 52 52 4
0 24 53 52 52 52 52 4
0 50 54 55 50 53 54 3
0 55 51 50 54 51 50 3
0 54 56 57 53 55 56 3
0 57 55 54 56 54 53 3
0 56 58 59 55 57 58 3
0 59 57 56 58 56 55 3
0 58 60 61 57 59 60 3
0 61 59 58 60 58 57 3
0 60 62 63 59 61 62 3
0 63 61 60 62 60 59 3
0 62 64 65 61 63 64 3
0 65 63 62 64 62 61 3
0 66 67 68 65 65 65 3
0 68 69 66 65 66 66 3
0 70 52 53 67 68 68 3
0 53 71 70 68 69 67 3
0 72 70 71 70 67 69 3
0 71 73 72 69 71 70 3
0 74 72 73 72 70 71 3
0 73 75 74 71 73 72 3
0 76 74 75 74 72 73 3
0 75 77 76 73 75 74 3
0 78 76 77 76 74 75 3
0 77 79 78 75 77 76 3
0 80 78 79 78 76 77 3
0 79 81 80 77 79 78 3
0 82 80 81 80 78 79 3
0 81 83 82 79 81 80 3
0 84 82 83 82 80 81 3
0 83 85 84 81 83 82 3
0 67 0 3 84 85 84 4
0 3 68 67 84 86 84 4
0 86 84 85 87 82 83 3
0 85 87 86 83 88 87 3
0 88 86 87 89 87 88 3
0 87 89 88 88 90 89 3
0 90 88 89 91 89 90 3
0 89 91 90 90 92 91 3
0 92 90 91 93 91 92 3
0 91 93 92 92 94 93 3
0 18 94 95 17 95 96 3
0 95 19 18 96 18 17 3
0 94 92 93 95 93 94 3
0 93 95 94 94 96 95 3
0 96 97 98 97 98 98 2
0 99 98 97 99 98 98 2
0 100 101 102 100 101 101 3
0 103 100 104 102 100 103 3
0 102 104 100 104 103 100 3
0 105 103 106 105 102 106 3
0 104 106 103 103 106 102 3
0 107 105 108 107 105 108 3
0 106 108 105 106 108 105 3
0 109 107 110 109 107 110 3
0 108 110 107 108 110 107 3
0 111 109 112 111 109 112 3
0 110 112 109 110 112 109 3
0 113 114 115 113 114 115 3
0 116 115 114 116 115 116 3
0 117 118 119 117 118 118 2
0 120 119 118 119 118 118 2
0 121 117 119 120 121 122 3
0 122 121 123 123 120 124 3
0 119 123 121 122 124 120 3
0 124 122 125 125 123 126 3
0 123 125 122 124 126 123 3
0 126 124 127 127 125 128 3
0 125 127 124 126 128 125 3
0 128 126 129 129 127 130 3
0 127 129 126 128 130 127 3
0 130 128 131 131 129 132 3
0 129 131 128 130 132 129 3
0 132 130 133 133 131 134 3
0 131 133 130 132 134 131 3
0 134 132 135 135 133 136 3
0 133 135 132 134 136 133 3
0 136 134 137 137 135 138 3
0 135 137 134 136 138 135 3
0 138 136 139 139 137 140 3
0 137 139 136 138 140 137 3
0 140 138 141 141 139 142 3
0 139 141 138 140 142 139 3
0 142 140 143 143 141 144 3
0 141 143 140 142 144 141 3
0 144 142 145 145 143 146 3
0 143 145 142 144 146 143 3
0 146 144 147 147 145 148 3
0 145 147 144 146 148 145 3
0 118 148 120 149 150 150 4
0 149 120 148 151 150 150 4
0 150 146 151 152 147 153 3
0 147 151 146 148 153 147 3
0 152 150 153 154 152 155 3
0 151 153 150 153 155 152 3
0 154 152 155 156 154 157 3
0 153 155 152 155 157 154 3
0 156 154 157 158 156 159 3
0 155 157 154 157 159 156 3
0 158 156 159 160 158 161 3
0 157 159 156 159 161 158 3
0 160 158 161 162 160 163 3
0 159 161 158 161 163 160 3
0 162 163 164 164 164 164 3
0 165 164 163 164 164 164 3
0 148 166 149 165 166 165 3
0 167 149 166 167 165 166 3
0 166 168 167 166 168 167 3
0 169 167 168 169 167 168 3
0 168 170 169 168 170 169 3
0 171 169 170 171 169 170 3
0 170 172 171 170 172 171 3
0 173 171 172 173 171 172 3
0 172 174 173 172 174 173 3
0 175 173 174 175 173 174 3
0 174 176 175 174 176 175 3
0 177 175 176 177 175 176 3
0 176 178 177 176 178 177 3
0 179 177 178 179 177 178 3
0 178 180 179 178 180 179 3
0 181 179 180 181 179 180 3
0 97 162 99 182 183 183 4
0 164 99 162 184 183 183 4
0 180 182 181 180 185 181 3
0 183 181 182 186 181 185 3
0 182 184 183 185 187 186 3
0 185 183 184 188 186 187 3
0 184 186 185 187 189 188 3
0 187 185 186 190 188 189 3
0 186 188 187 189 191 190 3
0 189 187 188 192 190 191 3
0 190 113 191 193 113 194 3
0 115 191 113 115 194 113 3
0 188 190 189 191 193 192 3
0 191 189 190 194 192 193 3
0 97 96 1 195 195 195 1
0 1 0 97 195 195 195 1
0 101 100 5 196 197 198 5
0 5 4 101 198 196 196 5
0 100 103 7 197 199 200 5
0 7 5 100 200 198 197 5
0 103 105 9 199 201 202 5
0 9 7 103 202 200 199 5
0 105 107 11 201 203 204 5
0 11 9 105 204 202 201 5
0 107 109 13 203 205 206 5
0 13 11 107 206 204 203 5
0 109 111 15 205 207 207 5
0 15 13 109 207 206 205 5
0 114 113 18 208 209 210 5
0 18 17 114 210 208 208 5
0 118 117 22 211 211 211 1
0 22 21 118 211 211 211 1
0 117 121 25 212 213 214 5
0 25 22 117 214 212 212 5
0 121 122 26 213 215 216 5
0 26 25 121 216 214 213 5
0 122 124 28 215 217 218 5
0 28 26 122 218 216 215 5
0 124 126 30 217 219 220 5
0 30 28 124 220 218 217 5
0 126 128 32 219 221 222 5
0 32 30 126 222 220 219 5
0 128 130 34 221 223 224 5
0 34 32 128 224 222 221 5
0 130 132 36 223 225 226 5
0 36 34 130 226 224 223 5
0 132 134 38 225 227 228 5
0 38 36 132 228 226 225 5
0 134 136 40 227 229 230 5
0 40 38 134 230 228 227 5
0 136 138 42 229 231 232 5
0 42 40 136 232 230 229 5
0 138 140 44 231 233 234 5
0 44 42 138 234 232 231 5
0 140 142 46 233 235 236 5
0 46 44 140 236 234 233 5
0 142 144 48 235 237 238 5
0 48 46 142 238 236 235 5
0 144 146 50 237 239 240 5
0 50 48 144 240 238 237 5
0 148 118 21 241 241 241 6
0 21 52 148 241 241 241 6
0 146 150 54 239 242 243 5
0 54 50 146 243 240 239 5
0 150 152 56 242 244 245 5
0 56 54 150 245 243 242 5
0 152 154 58 244 246 247 5
0 58 56 152 247 245 244 5
0 154 156 60 246 248 249 5
0 60 58 154 249 247 246 5
0 156 158 62 248 250 251 5
0 62 60 156 251 249 248 5
0 158 160 64 250 252 253 5
0 64 62 158 253 251 250 5
0 163 162 67 254 254 254 5
0 67 66 163 254 254 254 5
0 166 148 52 255 195 195 5
0 52 70 166 195 256 255 5
0 168 166 70 257 255 256 5
0 70 72 168 256 258 257 5
0 170 168 72 259 257 258 5
0 72 74 170 258 260 259 5
0 172 170 74 261 259 260 5
0 74 76 172 260 262 261 5
0 174 172 76 263 261 262 5
0 76 78 174 262 264 263 5
0 176 174 78 265 263 264 5
0 78 80 176 264 266 265 5
0 178 176 80 267 265 266 5
0 80 82 178 266 268 267 5
0 180 178 82 269 267 268 5
0 82 84 180 268 270 269 5
0 162 97 0 271 271 271 6
0 0 67 162 271 271 271 6
0 182 180 84 272 269 270 5
0 84 86 182 270 273 272 5
0 184 182 86 274 272 273 5
0 86 88 184 273 275 274 5
0 186 184 88 276 274 275 5
0 88 90 186 275 277 276 5
0 188 186 90 278 276 277 5
0 90 92 188 277 279 278 5
0 113 190 94 209 280 281 5
0 94 18 113 281 210 209 5
0 190 188 92 280 278 279 5
0 92 94 190 279 281 280 5
0 192 193 194 282 282 282 2
0 194 195 192 282 282 282 2
0 193 196 197 283 283 283 3
0 197 194 193 283 283 283 3
0 196 198 199 284 284 284 2
0 199 197 196 284 284 284 2
0 200 201 202 285 285 285 2
0 202 203 200 285 282 285 2
0 201 192 195 286 286 286 3
0 195 202 201 286 286 286 3
0 204 200 203 287 287 287 3
0 203 205 204 287 287 287 3
0 206 207 208 288 288 288 2
0 208 209 206 288 288 288 2
0 207 204 205 282 282 282 4
0 205 208 207 282 282 282 4
0 210 206 209 284 284 284 3
0 209 211 210 284 284 284 3
0 212 210 211 287 287 287 2
0 211 213 212 287 288 287 2
0 214 212 213 289 289 289 3
0 213 215 214 289 290 289 3
0 198 214 215 286 286 286 4
0 215 199 198 286 283 286 4
0 216 217 218 291 291 291 2
0 219 218 217 291 291 291 2
0 220 216 221 292 293 293 3
0 218 221 216 293 293 293 3
0 222 220 223 294 294 294 2
0 221 223 220 294 294 294 2
0 224 225 226 295 295 295 2
0 227 226 225 295 295 295 2
0 217 224 219 293 293 293 3
0 226 219 224 293 293 293 3
0 225 228 227 296 296 296 3
0 229 227 228 296 296 296 3
0 230 231 232 297 296 296 2
0 233 232 231 296 296 296 2
0 228 230 229 291 291 291 4
0 232 229 230 291 291 291 4
0 231 234 233 294 294 294 3
0 235 233 234 294 294 294 3
0 234 236 235 297 297 297 2
0 237 235 236 297 297 297 2
0 236 238 237 298 298 298 3
0 239 237 238 298 298 298 3
0 238 222 239 292 292 292 4
0 223 239 222 292 292 292 4
0 217 216 193 195 195 195 1
0 193 192 217 195 195 195 1
0 216 220 196 271 271 271 4
0 196 193 216 271 271 271 4
0 220 222 198 299 299 299 1
0 198 196 220 299 299 299 1
0 225 224 201 195 195 195 1
0 201 200 225 195 195 195 1
0 224 217 192 271 271 271 4
0 192 201 224 271 271 271 4
0 228 225 200 241 241 241 5
0 200 204 228 241 241 241 5
0 231 230 207 241 241 241 1
0 207 206 231 241 241 241 1
0 230 228 204 195 195 195 6
0 204 207 230 195 195 195 6
0 234 231 206 299 299 299 4
0 206 210 234 299 299 299 4
0 236 234 210 241 241 241 1
0 210 212 236 241 241 241 1
0 238 236 212 211 211 211 5
0 212 214 238 211 211 211 5
0 222 238 214 271 271 271 6
0 214 198 222 271 271 271 6

Materials: 2
"1 - Default"
0.580392 0.580392 0.580392 1.000000
0.580392 0.580392 0.580392 1.000000
0.898039 0.898039 0.898039 1.000000
0.000000 0.000000 0.000000 1.000000
0.100000
1.000000
".\black sphere.png"
".\silver sphere add.png"
"blackshine"
0.000000 0.000000 0.000000 1.000000
0.000000 0.000000 0.000000 1.000000
0.898039 0.898039 0.898039 1.000000
0.000000 0.000000 0.000000 1.000000
0.180000
1.000000
".\black sphere.png"
".\plastic sphere add.png"

Bones: 0
