// MilkShape 3D ASCII

Frames: 30
Frame: 1

Meshes: 2
"Plane02" 0 0
59
0 19.500000 12.893590 0.000000 0.121288 0.137729 -1
0 19.500000 11.893590 0.000000 0.121288 0.138691 -1
0 31.000000 0.393590 0.000000 0.132347 0.149750 -1
0 32.000000 0.393590 0.000000 0.133309 0.149750 -1
0 10.623075 4.016665 0.000000 0.112751 0.146266 -1
0 10.000000 2.393590 0.000000 0.112152 0.147826 -1
0 10.618599 21.774998 0.000000 0.112747 0.129188 -1
0 10.000000 21.393589 0.000000 0.112152 0.129555 -1
0 0.000000 32.393589 0.000000 0.102535 0.118976 -1
0 0.000000 31.393589 0.000000 0.102535 0.119938 -1
0 0.000000 -30.606411 0.000000 0.102535 0.179561 -1
0 0.000000 -31.606411 0.000000 0.102535 0.180523 -1
0 -19.500000 11.893590 0.000000 0.083783 0.138691 -1
0 -19.500000 12.893590 0.000000 0.083783 0.137729 -1
0 -31.000000 0.393590 0.000000 0.072724 0.149750 -1
0 -32.000000 0.393590 0.000000 0.071762 0.149750 -1
0 -10.000000 2.393590 0.000000 0.092919 0.147826 -1
0 -10.623074 4.016665 0.000000 0.092320 0.146266 -1
0 -10.618599 21.774998 0.000000 0.092324 0.129188 -1
0 -10.000000 21.393589 0.000000 0.092919 0.129555 -1
0 31.000000 0.393590 0.000000 0.983891 0.500000 -1
0 19.500000 11.893590 0.000000 0.804383 0.320492 -1
0 19.500000 9.173949 6.962647 0.804383 0.362944 -1
0 28.280359 0.393590 6.962647 0.941439 0.500000 -1
0 31.000000 0.393590 0.000000 0.983891 0.500000 -1
0 19.500000 11.893590 0.000000 0.804383 0.320492 -1
0 10.000000 2.393590 0.000000 0.656094 0.468781 -1
0 8.076923 -2.249127 6.962647 0.626076 0.541251 -1
0 10.000000 21.393589 0.000000 0.656094 0.172203 -1
0 8.076923 20.597027 6.962647 0.626076 0.184637 -1
0 10.000000 2.393590 0.000000 0.656094 0.468781 -1
0 10.000000 21.393589 0.000000 0.656094 0.172203 -1
0 0.000000 31.393589 0.000000 0.500000 0.016109 -1
0 0.000000 28.673950 6.962647 0.500000 0.058561 -1
0 0.000000 -30.606411 0.000000 0.500000 0.983891 -1
0 0.000000 -27.886768 6.962647 0.500000 0.941439 -1
0 0.000000 -30.606411 0.000000 0.500000 0.983891 -1
0 -19.500000 11.893590 0.000000 0.195617 0.320492 -1
0 -31.000000 0.393590 0.000000 0.016109 0.500000 -1
0 -28.280359 0.393590 6.962647 0.058561 0.500000 -1
0 -19.500000 9.173949 6.962647 0.195617 0.362944 -1
0 -19.500000 11.893590 0.000000 0.195617 0.320492 -1
0 -10.000000 2.393590 0.000000 0.343906 0.468781 -1
0 -8.076923 -2.249127 6.962647 0.373924 0.541251 -1
0 -10.000000 2.393590 0.000000 0.343906 0.468781 -1
0 -10.000000 21.393589 0.000000 0.343906 0.172203 -1
0 -8.076923 20.597027 6.962647 0.373924 0.184637 -1
0 0.000000 31.393589 0.000000 0.500000 0.016109 -1
0 -31.000000 0.393590 0.000000 0.016109 0.500000 -1
0 -7.527473 20.369438 6.814688 0.382501 0.188189 -1
0 0.000000 27.896908 6.814688 0.500000 0.070690 -1
0 -19.500000 8.396910 6.814688 0.195617 0.375073 -1
0 -7.527473 -3.575617 6.814688 0.382501 0.561957 -1
0 -27.503319 0.393590 6.814688 0.070690 0.500000 -1
0 0.000000 -27.109730 6.814688 0.500000 0.929310 -1
0 7.527474 20.369438 6.814688 0.617499 0.188189 -1
0 27.503319 0.393590 6.814688 0.929310 0.500000 -1
0 19.500000 8.396910 6.814688 0.804383 0.375073 -1
0 7.527474 -3.575617 6.814688 0.617499 0.561957 -1
40
0.000000 0.000000 1.000000
0.931464 0.000000 0.363834
0.000000 0.931464 0.363834
0.212191 0.366095 0.906062
0.366095 -0.212191 0.906062
0.681587 0.681587 0.266231
-0.681587 0.681587 0.266231
0.310304 0.749140 0.585235
-0.186273 0.298695 0.935993
0.885170 0.366650 0.286430
0.471260 0.074639 0.878831
0.963909 0.000000 0.266231
0.681587 0.681587 0.266231
0.000000 0.931464 0.363834
0.212191 0.366095 0.906062
0.000000 -0.931464 0.363834
-0.212191 -0.366095 0.906063
0.681587 -0.681587 0.266231
-0.681587 0.681587 0.266231
-0.931464 0.000000 0.363834
-0.366095 0.212191 0.906062
0.212191 0.366095 0.906062
-0.310304 0.749140 0.585235
-0.342924 0.079494 0.935993
0.681587 0.681587 0.266231
-0.963909 0.000000 0.266231
-0.386009 0.280453 0.878831
-0.885170 0.366650 0.286430
-0.681587 0.681587 0.266231
-0.681587 -0.681587 0.266231
0.210177 -0.123119 0.969880
-0.062230 -0.186690 0.980446
-0.062230 -0.186690 0.980446
0.115050 -0.062923 0.991365
0.186690 -0.062230 0.980446
0.062230 0.186690 0.980446
-0.235676 -0.061560 0.969880
-0.186690 0.062230 0.980446
-0.062230 -0.186690 0.980446
0.036859 -0.125846 0.991365
60
0 0 1 2 0 0 0 1
0 0 2 3 0 0 0 1
0 4 5 1 0 0 0 1
0 4 1 0 0 0 0 1
0 5 4 6 0 0 0 1
0 5 6 7 0 0 0 1
0 8 9 7 0 0 0 1
0 8 7 6 0 0 0 1
0 10 11 3 0 0 0 1
0 10 3 2 0 0 0 1
0 12 13 14 0 0 0 1
0 14 13 15 0 0 0 1
0 16 17 12 0 0 0 1
0 12 17 13 0 0 0 1
0 17 16 18 0 0 0 1
0 18 16 19 0 0 0 1
0 9 8 19 0 0 0 1
0 19 8 18 0 0 0 1
0 11 10 15 0 0 0 1
0 15 10 14 0 0 0 1
0 20 21 22 1 2 3 1
0 22 23 24 3 4 5 1
0 25 26 27 6 7 8 1
0 27 22 21 8 3 2 1
0 26 28 29 7 9 10 1
0 29 27 30 10 8 11 1
0 31 32 33 12 13 14 1
0 33 29 28 14 10 9 1
0 34 20 23 15 1 4 1
0 23 35 36 4 16 17 1
0 37 38 39 18 19 20 1
0 39 40 41 20 21 2 1
0 42 41 40 22 2 21 1
0 40 43 44 21 23 24 1
0 45 42 43 25 22 23 1
0 43 46 45 23 26 27 1
0 32 45 46 13 27 26 1
0 46 33 47 26 14 28 1
0 48 34 35 29 15 16 1
0 35 39 38 16 20 19 1
0 33 46 49 14 26 30 1
0 49 50 33 30 31 14 1
0 43 40 51 23 21 32 1
0 51 52 43 32 33 23 1
0 40 39 53 21 20 34 1
0 53 51 40 34 32 21 1
0 46 43 52 26 23 33 1
0 52 49 46 33 30 26 1
0 39 35 54 20 16 35 1
0 54 53 39 35 34 20 1
0 29 33 50 10 14 31 1
0 50 55 29 31 36 10 1
0 35 23 56 16 4 37 1
0 56 54 35 37 35 16 1
0 23 22 57 4 3 38 1
0 57 56 23 38 37 4 1
0 27 29 55 8 10 36 1
0 55 58 27 36 39 8 1
0 22 27 58 3 8 39 1
0 58 57 22 39 38 3 1
"scroller" 0 1
10
0 7.527474 20.369438 6.814688 0.274602 0.137209 -1
0 0.000248 27.896908 6.814688 0.003005 0.000499 -1
0 0.000248 -27.109730 6.814688 0.003004 0.999501 -1
0 27.503319 0.393590 6.814688 0.995345 0.500000 -1
0 19.500000 8.396910 6.814688 0.706579 0.354648 -1
0 7.527474 -3.575617 6.814688 0.274601 0.572087 -1
0 -7.526978 20.369438 6.814688 0.274602 0.137209 -1
0 -27.502823 0.393590 6.814688 0.995345 0.500000 -1
0 -19.499504 8.396909 6.814688 0.706579 0.354648 -1
0 -7.526978 -3.575617 6.814688 0.274601 0.572087 -1
1
0.000000 0.000000 1.000000
8
0 0 1 2 0 0 0 1
0 2 3 4 0 0 0 1
0 5 0 2 0 0 0 1
0 2 4 5 0 0 0 1
0 1 6 2 0 0 0 1
0 7 2 8 0 0 0 1
0 6 9 2 0 0 0 1
0 8 2 9 0 0 0 1

Materials: 2
"shell"
0.588235 0.588235 0.588235 1.000000
0.588235 0.588235 0.588235 1.000000
0.898039 0.898039 0.898039 1.000000
0.000000 0.000000 0.000000 1.000000
12.799999
1.000000
"textures/shell.png"
""
"scroller"
1.000000 0.000000 0.000000 1.000000
1.000000 0.000000 0.000000 1.000000
1.000000 0.000000 0.000000 1.000000
0.000000 0.000000 0.000000 1.000000
12.799999
1.000000
"textures/scroller.ini"
""

Bones: 0
GroupComments: 0
MaterialComments: 0
BoneComments: 0
ModelComment: 0
