// MilkShape 3D ASCII

Frames: 30
Frame: 1

Meshes: 2
"out" 0 0
74
0 -103.869644 17.846172 15.351065 0.000501 0.521552 -1
0 -101.336990 17.839794 16.925644 0.012605 0.521584 -1
0 0.642642 118.769165 16.922926 0.500000 0.015985 -1
0 0.642644 121.860382 15.351066 0.500000 0.000500 -1
0 -91.159943 17.748415 16.925644 0.061245 0.522042 -1
0 0.642642 109.544746 16.925644 0.500000 0.062194 -1
0 -31.775028 -77.553764 15.351065 0.345065 0.999452 -1
0 -29.732227 -75.504951 16.925644 0.354828 0.989189 -1
0 -31.775028 14.934072 15.351065 0.345065 0.536140 -1
0 -29.732227 19.438761 16.925644 0.354828 0.513574 -1
0 -66.519669 -17.056187 16.925644 0.179009 0.696393 -1
0 -66.513107 -19.561790 15.351065 0.179040 0.708945 -1
0 -101.287338 17.839693 -5.094315 0.012842 0.521585 -1
0 -103.869873 17.846172 -3.020975 0.000499 0.521552 -1
0 0.642643 118.848740 -5.094315 0.500000 0.015586 -1
0 0.642644 121.860428 -3.020975 0.500000 0.000499 -1
0 -29.696102 -75.468689 -5.094315 0.355001 0.989007 -1
0 -31.775005 -77.553749 -3.020975 0.345065 0.999452 -1
0 -31.775005 14.934072 -3.020975 0.345065 0.536140 -1
0 -29.696102 19.529943 -5.094315 0.355001 0.513118 -1
0 -66.513153 -19.561810 -3.020975 0.179040 0.708945 -1
0 -66.519791 -17.003590 -5.094315 0.179008 0.696130 -1
0 -23.326725 -69.062805 16.925644 0.385442 0.956917 -1
0 -21.283947 -67.020004 15.351065 0.395205 0.946684 -1
0 -21.279705 -42.566727 15.351065 0.395226 0.824187 -1
0 -23.322483 -40.523945 16.925644 0.385463 0.813954 -1
0 -23.359707 -35.749004 16.925285 0.385285 0.790034 -1
0 -21.316723 -33.699722 15.350705 0.395049 0.779768 -1
0 -21.314526 -8.420982 15.351065 0.395059 0.653136 -1
0 -23.357304 -6.384684 16.925644 0.385296 0.642935 -1
0 -23.313831 -0.884441 16.925644 0.385504 0.615382 -1
0 -21.256451 1.151876 15.351065 0.395337 0.605181 -1
0 -21.270283 22.616571 15.351065 0.395271 0.497655 -1
0 -23.318409 23.426651 16.925644 0.385482 0.493597 -1
0 0.642644 44.594143 15.351065 0.500000 0.387560 -1
0 0.642643 47.558342 16.925644 0.500000 0.372711 -1
0 -66.389908 -5.391733 15.351065 0.179629 0.637961 -1
0 -66.389908 -8.354376 16.925644 0.179629 0.652802 -1
0 0.642644 58.675400 16.925644 0.500000 0.317021 -1
0 0.642644 61.638039 15.351065 0.500000 0.302180 -1
0 -88.333145 17.741756 15.351065 0.074755 0.522075 -1
0 0.642644 106.583702 15.351065 0.500000 0.077027 -1
0 102.622276 17.830189 16.925644 0.987395 0.521633 -1
0 105.154930 17.836567 15.351065 0.999499 0.521601 -1
0 92.445229 17.738810 16.925646 0.938756 0.522090 -1
0 31.017511 -75.514557 16.925646 0.645172 0.989237 -1
0 33.060314 -77.563370 15.351065 0.654935 0.999501 -1
0 33.060314 14.604582 15.351065 0.654935 0.537791 -1
0 31.017511 19.429155 16.925646 0.645172 0.513623 -1
0 67.798393 -20.240175 15.351065 0.820960 0.712344 -1
0 67.804955 -17.424494 16.925644 0.820991 0.698239 -1
0 105.155151 17.836567 -3.020975 0.999500 0.521601 -1
0 102.572617 17.830088 -5.094315 0.987158 0.521633 -1
0 33.060295 -77.563354 -3.020975 0.654935 0.999500 -1
0 30.981392 -75.478294 -5.094315 0.644999 0.989056 -1
0 33.060295 14.604582 -3.020975 0.654935 0.537791 -1
0 30.981392 19.520338 -5.094315 0.644999 0.513166 -1
0 67.805077 -17.371895 -5.094315 0.820992 0.697975 -1
0 67.798431 -20.240194 -3.020975 0.820960 0.712344 -1
0 22.569235 -67.029610 15.351065 0.604795 0.946732 -1
0 24.612013 -69.072411 16.925646 0.614558 0.956966 -1
0 22.564991 -42.576332 15.351065 0.604774 0.824235 -1
0 24.607771 -40.533550 16.925646 0.614537 0.814002 -1
0 22.602011 -33.709328 15.350705 0.604951 0.779816 -1
0 24.644991 -35.758610 16.925285 0.614715 0.790082 -1
0 22.599813 -8.430588 15.351065 0.604941 0.653184 -1
0 24.642591 -6.394289 16.925646 0.614704 0.642983 -1
0 22.541740 1.142272 15.351065 0.604663 0.605230 -1
0 24.599119 -0.894047 16.925646 0.614496 0.615430 -1
0 22.555571 22.606966 15.351065 0.604729 0.497703 -1
0 24.603693 23.417046 16.925646 0.614518 0.493645 -1
0 67.675194 -7.797642 16.925646 0.820371 0.650014 -1
0 67.675194 -5.401339 15.351065 0.820371 0.638009 -1
0 89.618431 17.732151 15.351065 0.925245 0.522124 -1
152
-0.465174 0.470035 0.750120
-0.411198 0.413167 0.812533
-0.000088 0.000098 1.000000
0.000000 0.000000 1.000000
0.000000 0.000147 1.000000
0.000000 0.000295 1.000000
-0.610488 0.000000 0.792025
0.468092 -0.471612 0.747310
0.466489 -0.469764 0.749473
0.469690 -0.473454 0.745139
-0.469478 -0.468626 0.748318
-0.471244 -0.470182 0.746229
-0.467708 -0.467065 0.750400
-0.528688 0.533508 -0.660196
-0.510482 0.514072 -0.689303
-0.491482 0.493836 -0.717336
-0.706159 0.000000 -0.708054
0.529557 -0.533276 -0.659686
0.530802 -0.534774 -0.657470
0.532041 -0.536267 -0.655248
-0.534248 -0.533087 -0.656047
-0.532836 -0.531891 -0.658163
-0.531419 -0.530691 -0.660273
0.610498 -0.000098 0.792018
0.610559 -0.000106 0.791971
0.610436 -0.000091 0.792066
0.610475 -0.000062 0.792035
0.610495 -0.000064 0.792020
0.610455 -0.000060 0.792051
0.608520 0.000253 0.793538
0.607519 0.000391 0.794305
0.609520 0.000115 0.792771
0.431126 -0.428976 0.793794
0.435044 -0.433764 0.789041
0.427183 -0.424162 0.798500
-0.424837 0.424854 0.799383
-0.424837 0.424854 0.799383
-0.424837 0.424855 0.799382
0.442936 0.420233 0.791967
0.443459 0.420642 0.791457
0.442413 0.419824 0.792476
0.430912 -0.431256 0.792675
0.436800 -0.437458 0.786025
0.424974 -0.425003 0.799231
0.704629 -0.709576 0.000001
0.704628 -0.709577 -0.000000
0.704628 -0.709577 -0.000001
-1.000000 0.000000 -0.000001
-1.000000 0.000000 -0.000001
-0.705416 0.708794 0.000002
-0.705415 0.708794 0.000005
-0.705415 0.708794 0.000009
-0.707593 -0.706620 0.000002
-0.707592 -0.706621 0.000006
-0.707591 -0.706622 0.000009
0.465184 0.470000 0.750136
0.411229 0.413160 0.812521
0.000000 0.000000 1.000000
0.000066 0.000074 1.000000
0.610489 0.000000 0.792025
0.610489 0.000000 0.792025
-0.439082 -0.437738 0.784597
-0.440988 -0.439918 0.782305
-0.442889 -0.442093 0.780002
0.443700 -0.438196 0.781738
0.456704 -0.449510 0.767699
0.469483 -0.460603 0.753280
0.510506 0.514048 -0.689303
0.528702 0.533471 -0.660214
0.491516 0.493825 -0.717320
0.706159 0.000000 -0.708054
0.706159 0.000000 -0.708054
0.706159 0.000000 -0.708054
-0.507642 -0.506395 -0.697039
-0.506052 -0.504504 -0.699562
-0.509226 -0.508280 -0.694507
0.522514 -0.514311 -0.680046
0.510734 -0.504431 -0.696203
0.534034 -0.523935 -0.663551
-0.610560 -0.000106 0.791970
-0.610498 -0.000098 0.792018
-0.610436 -0.000091 0.792066
-0.610496 -0.000064 0.792020
-0.610476 -0.000062 0.792035
-0.610456 -0.000060 0.792050
-0.607520 0.000391 0.794304
-0.608521 0.000253 0.793538
-0.609521 0.000115 0.792770
-0.435114 -0.433644 0.789068
-0.431231 -0.428901 0.793779
-0.427322 -0.424131 0.798441
0.478248 0.482273 0.733956
0.424887 0.424844 0.799362
-0.501027 0.475248 0.723264
-0.440689 0.427462 0.789347
-0.436810 -0.437421 0.786041
-0.430936 -0.431233 0.792674
-0.425011 -0.424995 0.799215
-0.708190 -0.706022 -0.000000
-0.708190 -0.706022 0.000001
-0.708190 -0.706022 -0.000001
1.000000 0.000000 -0.000001
0.705448 0.708761 0.000005
0.705449 0.708761 0.000002
0.705448 0.708762 0.000008
0.713825 -0.700325 0.000005
0.713825 -0.700324 0.000002
0.713824 -0.700325 0.000009
0.000000 -0.000000 1.000000
0.000000 -0.000000 1.000000
0.000000 0.000000 1.000000
-0.000102 0.000010 1.000000
0.000089 0.000009 1.000000
-0.000000 0.000000 1.000000
-0.000000 0.000000 1.000000
-0.000000 -0.000000 1.000000
-0.000016 -0.000004 1.000000
0.000128 0.611709 0.791083
0.000123 0.611628 0.791145
0.000134 0.611791 0.791020
-0.000000 -0.000000 1.000000
0.000012 -0.000003 1.000000
-0.000128 -0.611706 0.791085
-0.000122 -0.611786 0.791023
-0.000134 -0.611625 0.791147
0.000128 0.609272 0.792961
0.000133 0.609192 0.793023
0.000122 0.609352 0.792900
-0.000128 -0.610496 0.792019
-0.000134 -0.610576 0.791958
-0.000122 -0.610416 0.792081
0.000128 0.610485 0.792028
0.000134 0.610405 0.792090
0.000122 0.610566 0.791966
-0.000000 0.000000 1.000000
-0.000000 0.000000 1.000000
-0.000000 0.000000 1.000000
-0.000000 -0.000000 1.000000
-0.000178 0.000055 1.000000
0.000236 0.000048 1.000000
-0.000093 -0.609361 0.792893
-0.000096 -0.609302 0.792938
-0.000090 -0.609420 0.792848
-0.000148 -1.000000 -0.000001
-0.000148 -1.000000 -0.000001
-0.000148 -1.000000 -0.000001
-0.000108 -0.705113 -0.709095
-0.000104 -0.705059 -0.709149
-0.000112 -0.705167 -0.709041
0.000000 0.000000 -1.000000
0.000152 0.000046 1.000000
-0.000190 0.000039 1.000000
133
0 0 1 2 0 0 0 1
0 0 2 3 1 1 1 2
0 1 4 5 2 3 4 3
0 1 5 2 2 4 5 3
0 6 7 8 6 6 6 1
0 8 7 9 6 6 6 1
0 10 11 8 7 8 7 2
0 10 8 9 7 7 9 2
0 11 10 1 10 11 10 4
0 11 1 0 10 10 12 4
0 12 13 14 13 14 14 1
0 14 13 15 14 14 15 1
0 16 17 18 16 16 16 1
0 16 18 19 16 16 16 1
0 20 21 18 17 18 18 2
0 18 21 19 18 18 19 2
0 21 20 12 20 21 21 3
0 12 20 13 21 21 22 3
0 22 23 24 23 24 23 4
0 22 24 25 23 23 25 4
0 26 27 28 26 27 26 2
0 26 28 29 26 26 28 2
0 30 31 32 29 30 29 4
0 30 32 33 29 29 31 4
0 33 32 34 32 33 32 5
0 33 34 35 32 32 34 5
0 36 37 38 35 36 35 5
0 36 38 39 35 35 37 5
0 37 36 40 38 39 38 4
0 37 40 4 38 38 40 4
0 4 40 41 41 42 41 5
0 4 41 5 41 41 43 5
0 8 11 18 44 45 45 5
0 18 11 20 45 45 46 5
0 6 8 17 47 47 47 3
0 17 8 18 47 47 48 3
0 3 15 0 49 50 50 5
0 0 15 13 50 50 51 5
0 11 0 20 52 53 53 6
0 20 0 13 53 53 54 6
0 42 43 2 55 55 55 4
0 2 43 3 56 56 56 6
0 44 42 5 57 58 4 3
0 5 42 2 4 58 5 3
0 45 46 47 59 59 59 1
0 45 47 48 59 59 60 1
0 49 50 47 61 62 62 2
0 47 50 48 62 62 63 2
0 50 49 42 64 65 65 1
0 42 49 43 65 65 66 1
0 51 52 14 67 68 67 2
0 51 14 15 67 67 69 2
0 53 54 55 70 71 71 1
0 55 54 56 71 71 72 1
0 57 58 55 73 74 73 2
0 57 55 56 73 73 75 2
0 58 57 52 76 77 76 1
0 58 52 51 76 76 78 1
0 59 60 61 79 80 80 4
0 61 60 62 80 80 81 4
0 63 64 65 82 83 83 2
0 65 64 66 83 83 84 2
0 67 68 69 85 86 86 4
0 69 68 70 86 86 87 4
0 69 70 34 88 89 89 6
0 34 70 35 89 89 90 6
0 71 72 38 91 91 91 2
0 38 72 39 92 92 92 6
0 72 71 73 93 93 93 5
0 73 71 44 94 94 94 6
0 73 44 41 95 96 96 7
0 41 44 5 96 96 97 7
0 49 47 55 98 99 98 3
0 49 55 58 98 98 100 3
0 47 46 53 101 101 101 4
0 47 53 55 101 101 101 4
0 15 3 43 102 103 102 3
0 15 43 51 102 102 104 3
0 43 49 58 105 106 105 5
0 43 58 51 105 105 107 5
0 42 44 71 58 57 108 3
0 42 71 50 58 108 109 3
0 50 71 38 109 108 110 3
0 50 38 48 109 110 111 3
0 38 37 10 110 3 3 3
0 38 10 9 110 3 112 3
0 10 37 4 3 3 3 3
0 10 4 1 3 3 2 3
0 9 33 35 112 3 113 3
0 9 35 38 112 113 110 3
0 38 35 70 110 113 114 3
0 38 70 48 110 114 111 3
0 33 9 30 3 112 115 3
0 30 9 29 115 112 116 3
0 31 30 68 117 118 117 5
0 31 68 67 117 117 119 5
0 48 70 68 111 114 120 3
0 68 66 48 120 121 111 3
0 30 29 66 115 116 121 3
0 30 66 68 115 121 120 3
0 66 29 28 122 123 122 4
0 66 28 65 122 122 124 4
0 63 27 26 125 126 125 4
0 63 26 64 125 125 127 4
0 25 24 61 128 129 128 5
0 25 61 62 128 128 130 5
0 59 23 22 131 132 131 5
0 59 22 60 131 131 133 5
0 60 22 7 134 135 136 3
0 60 7 45 134 136 137 3
0 48 66 64 111 121 138 3
0 26 29 9 139 116 112 3
0 45 7 6 140 141 140 2
0 45 6 46 140 140 142 2
0 46 6 17 143 144 143 5
0 46 17 53 143 143 145 5
0 53 17 16 146 147 146 2
0 53 16 54 146 146 148 2
0 21 12 14 149 149 149 4
0 14 52 57 149 149 149 4
0 56 54 16 149 149 149 4
0 19 21 14 149 149 149 4
0 14 57 56 149 149 149 4
0 56 16 19 149 149 149 4
0 14 56 19 149 149 149 4
0 64 26 25 138 139 150 3
0 64 25 62 138 150 151 3
0 62 60 45 151 134 137 3
0 7 22 25 136 135 150 3
0 25 26 9 150 139 112 3
0 25 9 7 150 112 136 3
0 48 64 62 111 138 151 3
0 48 62 45 111 151 137 3
"center01" 0 1
38
0 -66.389908 -5.391733 15.351065 0.123686 0.644825 -1
0 -66.389862 -2.429113 20.905666 0.123687 0.627778 -1
0 -85.506287 17.735096 20.905666 0.016369 0.511750 -1
0 -88.333145 17.741756 15.351065 0.000500 0.511711 -1
0 -21.256451 1.151876 15.351065 0.377061 0.607172 -1
0 -19.226910 3.188194 20.905666 0.388454 0.595455 -1
0 -19.222141 21.806492 20.905666 0.388481 0.488322 -1
0 -21.270283 22.616571 15.351065 0.376983 0.483661 -1
0 -21.283947 -67.020004 15.351065 0.376906 0.999445 -1
0 -19.241146 -64.977226 20.905666 0.388374 0.987691 -1
0 -19.236881 -44.609505 20.905666 0.388398 0.870491 -1
0 -21.279705 -42.566727 15.351065 0.376930 0.858737 -1
0 -21.316723 -33.699722 15.350705 0.376722 0.807714 -1
0 -19.273800 -31.651665 20.905144 0.388191 0.795930 -1
0 -19.271725 -10.457306 20.905666 0.388203 0.673974 -1
0 0.642643 41.629940 20.905666 0.500000 0.374255 -1
0 0.642644 44.594143 15.351065 0.500000 0.357198 -1
0 0.642644 61.638039 15.351065 0.500000 0.259125 -1
0 0.642644 64.600647 20.905666 0.500000 0.242077 -1
0 0.642643 103.916664 20.905666 0.500000 0.015846 -1
0 0.642644 106.583702 15.351065 0.500000 0.000500 -1
0 67.675148 -2.438718 20.905664 0.876313 0.627833 -1
0 67.675194 -5.401339 15.351065 0.876313 0.644881 -1
0 86.791573 17.725491 20.905664 0.983631 0.511805 -1
0 89.618431 17.732151 15.351065 0.999500 0.511767 -1
0 20.512197 3.178590 20.905664 0.611546 0.595510 -1
0 22.541740 1.142272 15.351065 0.622939 0.607228 -1
0 20.507429 21.796886 20.905664 0.611519 0.488378 -1
0 22.555571 22.606966 15.351065 0.623017 0.483716 -1
0 20.526432 -64.986832 20.905664 0.611625 0.987746 -1
0 22.569235 -67.029610 15.351065 0.623093 0.999500 -1
0 20.522169 -44.619114 20.905664 0.611601 0.870547 -1
0 22.564991 -42.576332 15.351065 0.623070 0.858792 -1
0 20.559090 -31.661270 20.905146 0.611809 0.795985 -1
0 22.602011 -33.709328 15.350705 0.623277 0.807770 -1
0 20.557011 -10.466909 20.905664 0.611797 0.674029 -1
0 22.599813 -8.430588 15.351065 0.623265 0.662312 -1
0 -21.314526 -8.420982 15.351065 0.376735 0.662256 -1
73
-0.681041 -0.645826 0.345097
-0.681288 -0.645886 0.344497
-0.680794 -0.645766 0.345697
-0.938787 -0.000182 0.344497
-0.939295 0.000241 0.343111
-0.938278 -0.000605 0.345882
-0.938543 0.000180 0.345161
-0.938565 0.000197 0.345101
-0.938521 0.000163 0.345221
-0.938537 0.000080 0.345177
-0.938542 0.000083 0.345165
-0.663261 0.662978 0.347196
-0.663830 0.665215 0.341788
-0.662668 0.660719 0.352592
0.661602 -0.661630 0.352886
0.661603 -0.661630 0.352884
0.661602 -0.661629 0.352887
-0.667170 0.667548 0.330553
-0.665269 0.665017 0.339367
-0.669012 0.670020 0.321709
0.000000 0.000000 1.000000
0.000000 -0.000000 1.000000
0.000000 0.000000 1.000000
0.681287 -0.645886 0.344498
0.681041 -0.645826 0.345097
0.680794 -0.645766 0.345697
0.939295 0.000241 0.343112
0.938787 -0.000182 0.344497
0.938278 -0.000605 0.345882
0.938565 0.000196 0.345102
0.938543 0.000180 0.345161
0.938521 0.000163 0.345221
0.938542 0.000084 0.345165
0.938537 0.000080 0.345177
0.938533 0.000077 0.345190
0.663983 0.665046 0.341820
0.663418 0.662830 0.347178
0.662831 0.660592 0.352524
-0.661656 -0.661589 0.352862
-0.661656 -0.661588 0.352863
-0.661655 -0.661588 0.352865
0.665302 0.664975 0.339384
0.667206 0.667511 0.330554
0.669052 0.669987 0.321694
0.000000 -0.000000 1.000000
0.000000 -0.000000 1.000000
-0.000216 -0.938895 0.344203
-0.000206 -0.938921 0.344133
-0.000227 -0.938870 0.344273
-0.000000 -0.000025 1.000000
0.000000 -0.000025 1.000000
-0.000000 -0.000024 1.000000
-0.000216 -0.938249 0.345959
-0.000226 -0.938224 0.346029
-0.000205 -0.938275 0.345889
0.000216 0.938542 0.345165
0.000206 0.938568 0.345095
0.000227 0.938516 0.345236
0.000000 -0.000000 1.000000
0.000000 -0.000000 1.000000
0.000000 0.000000 1.000000
-0.000216 -0.938542 0.345165
-0.000227 -0.938516 0.345235
-0.000206 -0.938568 0.345095
0.000000 -0.000000 1.000000
0.000000 0.000000 1.000000
0.000000 -0.000000 1.000000
0.000000 -0.000000 1.000000
0.000000 -0.000000 1.000000
-0.938533 0.000077 0.345190
0.000216 0.938895 0.344204
0.000205 0.938921 0.344134
0.000226 0.938869 0.344274
49
0 0 1 2 0 1 0 1
0 0 2 3 0 0 2 1
0 4 5 6 3 4 3 1
0 4 6 7 3 3 5 1
0 8 9 10 6 7 6 1
0 8 10 11 6 6 8 1
0 12 13 14 9 10 9 1
0 7 6 15 11 12 11 2
0 7 15 16 11 11 13 2
0 1 0 17 14 15 14 2
0 1 17 18 14 14 16 2
0 3 2 19 17 18 17 2
0 3 19 20 17 17 19 2
0 2 1 18 20 20 21 3
0 2 18 19 20 21 22 3
0 21 22 23 23 24 24 1
0 23 22 24 24 24 25 1
0 25 26 27 26 27 27 1
0 27 26 28 27 27 28 1
0 29 30 31 29 30 30 1
0 31 30 32 30 30 31 1
0 33 34 35 32 33 33 1
0 35 34 36 33 33 34 1
0 27 28 15 35 36 36 3
0 15 28 16 36 36 37 3
0 22 21 17 38 39 39 4
0 17 21 18 39 39 40 4
0 23 24 19 41 42 42 4
0 19 24 20 42 42 43 4
0 21 23 18 44 45 21 3
0 18 23 19 21 45 22 3
0 4 26 25 46 47 46 2
0 4 25 5 46 46 48 2
0 35 14 13 49 50 49 2
0 35 13 33 49 49 51 2
0 33 13 12 52 53 52 3
0 33 12 34 52 52 54 3
0 32 11 10 55 56 55 2
0 32 10 31 55 55 57 2
0 31 10 9 58 59 58 3
0 31 9 29 58 58 60 3
0 29 9 8 61 62 61 2
0 29 8 30 61 61 63 2
0 5 25 27 64 65 66 4
0 27 15 6 66 67 68 4
0 6 5 27 68 64 66 4
0 12 14 37 9 9 69 1
0 36 37 14 70 71 70 3
0 36 14 35 70 70 72 3

Materials: 2
"1 - Default"
1.000000 1.000000 1.000000 1.000000
1.000000 1.000000 1.000000 1.000000
1.000000 1.000000 1.000000 1.000000
0.000000 0.000000 0.000000 1.000000
13.000000
1.000000
"black sphere.png"
"plastic sphere add.png"
"blackshine"
0.000000 0.000000 0.000000 1.000000
0.000000 0.000000 0.000000 1.000000
0.898039 0.898039 0.898039 1.000000
0.000000 0.000000 0.000000 1.000000
0.180000
1.000000
"red sphere.png"
"redreflect sphere add.png"

Bones: 0
GroupComments: 0
MaterialComments: 0
BoneComments: 0
ModelComment: 0
